,GOOGL,WFC,FB,BP,EVR,MSFT,RTN,MASI,AOS,CELG,LRCX,INTC,LPX,WRK,WMT,THO,MRO,T,MRK,XOM,JPM,LMT,HSBC,ALGN,JNJ
GOOGL,9.82235191823e-05,1.37431410932e-05,7.12312976013e-05,3.63419673935e-06,1.67044042707e-05,5.58229115426e-05,2.34631632088e-05,6.34251579445e-05,3.70861827557e-05,4.82931625911e-05,9.14978352763e-05,2.58676205642e-05,2.68001934155e-05,2.75562947876e-05,1.00628665243e-06,2.46531525274e-05,-1.70867235581e-06,5.10905510149e-07,8.14585954809e-06,1.96682576094e-06,2.18980164292e-05,1.94552361308e-05,8.24563262886e-06,0.000102169376465,1.5036839927e-05
WFC,1.37431410932e-05,0.00012018516672,1.77833276696e-05,1.89253190467e-05,0.000100679140242,2.16685522394e-05,1.13886895791e-05,1.90011882368e-05,3.77898384869e-05,3.1138582278e-05,5.00584662998e-05,2.08539694598e-05,5.12522879243e-05,6.04259585936e-05,1.33478646002e-05,5.52140410092e-05,7.01519051218e-05,2.54292832114e-05,9.0960136883e-06,2.8667795848e-05,8.63420091269e-05,1.3452955252e-05,6.05741935306e-05,-9.32128067999e-06,1.388500881e-05
FB,7.12312976013e-05,1.77833276696e-05,9.59645954754e-05,6.75643398311e-06,3.16376257022e-05,5.36114723613e-05,1.90030556282e-05,7.87890641167e-05,2.97567310178e-05,4.04544915617e-05,9.70864424131e-05,3.98558166052e-05,3.24537604928e-05,3.47973076643e-05,7.8564285849e-06,4.21250669038e-05,-1.01208595431e-06,1.68666517597e-05,1.5417460491e-05,3.64017705304e-06,2.24319167849e-05,1.53050794169e-05,1.29844519699e-05,8.25038786238e-05,1.35297834068e-05
BP,3.63419673935e-06,1.89253190467e-05,6.75643398311e-06,8.67072199939e-05,3.64862828244e-05,8.68872989659e-06,5.02244063319e-06,1.75518171517e-05,1.38703257503e-05,5.65690373984e-07,3.73263916862e-06,2.0736309975e-05,1.36760778762e-05,1.46234545541e-05,3.43547908221e-06,3.20531091577e-05,0.000107525775947,1.79954244069e-05,9.59905816603e-06,3.85876748056e-05,2.33188107156e-05,3.69769164582e-06,2.09946355987e-05,-4.18225397363e-06,8.74566835542e-06
EVR,1.67044042707e-05,0.000100679140242,3.16376257022e-05,3.64862828244e-05,0.000210104843828,2.82409789224e-05,1.70169104101e-05,3.18014731677e-05,2.77169017817e-05,4.15551986893e-05,7.12989985383e-05,2.19080814063e-05,7.69119138471e-05,8.41663399753e-05,1.03109492789e-05,9.69469488427e-05,9.66779623055e-05,3.56442758874e-05,1.4379951962e-05,3.3373835847e-05,9.35711150137e-05,1.88187257706e-05,5.47226673831e-05,3.42413313498e-06,1.65250444108e-05
MSFT,5.58229115426e-05,2.16685522394e-05,5.36114723613e-05,8.68872989659e-06,2.82409789224e-05,7.23540872989e-05,1.93647075768e-05,6.37297454475e-05,3.91702474877e-05,4.08498538405e-05,8.63887642505e-05,3.51675239404e-05,3.02611704836e-05,3.7028783064e-05,1.61007037281e-06,5.57879320048e-05,7.84367133989e-06,5.17638933873e-06,7.40748705604e-06,2.04891911528e-06,2.12509648886e-05,1.84919342703e-05,1.62911848308e-05,5.04476350649e-05,1.52168094565e-05
RTN,2.34631632088e-05,1.13886895791e-05,1.90030556282e-05,5.02244063319e-06,1.70169104101e-05,1.93647075768e-05,5.59224794229e-05,2.57378817111e-05,2.95815283496e-05,1.73643928034e-05,2.58798747751e-05,2.37122401962e-05,9.40900226133e-06,2.18715612537e-05,1.26015716018e-05,3.30300397345e-06,4.16123134362e-06,8.5075098926e-06,7.37534063023e-06,2.95340246018e-06,1.49972110444e-05,3.85138076445e-05,4.80490620749e-06,3.67189236701e-05,1.18312591791e-05
MASI,6.34251579445e-05,1.90011882368e-05,7.87890641167e-05,1.75518171517e-05,3.18014731677e-05,6.37297454475e-05,2.57378817111e-05,0.000389580471361,4.18278704153e-05,4.34183780328e-05,0.000111524397475,5.14019016883e-05,3.93671254451e-05,5.15373339621e-05,9.0563776425e-06,6.41704199706e-05,-1.37277647462e-05,1.3045530338e-05,1.3408974162e-05,1.35599690988e-05,3.31897321597e-05,2.79322194498e-05,-9.39579041648e-06,1.17048364069e-05,9.26788900559e-06
AOS,3.70861827557e-05,3.77898384869e-05,2.97567310178e-05,1.38703257503e-05,2.77169017817e-05,3.91702474877e-05,2.95815283496e-05,4.18278704153e-05,8.96504340025e-05,3.32696846815e-05,6.0094084649e-05,3.05072927035e-05,3.84178591634e-05,6.16637327759e-05,4.49872512132e-06,3.75951863109e-05,1.79348810825e-05,4.44672424407e-06,7.42033397123e-06,4.35963000193e-06,3.83261200154e-05,2.53884154927e-05,2.59816419444e-05,4.70175751252e-05,1.75811965856e-05
CELG,4.82931625911e-05,3.1138582278e-05,4.04544915617e-05,5.65690373984e-07,4.15551986893e-05,4.08498538405e-05,1.73643928034e-05,4.34183780328e-05,3.32696846815e-05,0.000142125573037,7.53570688384e-05,2.47456328771e-05,6.73975499937e-05,3.36714175875e-05,9.49154147429e-06,5.54739097011e-05,1.04959967812e-05,9.92069669356e-06,2.42164595784e-05,5.03170178079e-06,3.7462639067e-05,2.01593572568e-05,2.28158471171e-05,6.84196219635e-05,3.00766038887e-05
LRCX,9.14978352763e-05,5.00584662998e-05,9.70864424131e-05,3.73263916862e-06,7.12989985383e-05,8.63887642505e-05,2.58798747751e-05,0.000111524397475,6.0094084649e-05,7.53570688384e-05,0.000279315550063,5.56831776765e-05,7.77431917559e-05,8.19675330524e-05,1.64965161187e-05,9.89518681843e-05,-3.27232075169e-05,1.66040002766e-05,6.64603119996e-06,4.17572535471e-06,3.49284994664e-05,2.76863958534e-05,2.74597703243e-05,8.88955137194e-05,2.41916852213e-05
INTC,2.58676205642e-05,2.08539694598e-05,3.98558166052e-05,2.0736309975e-05,2.19080814063e-05,3.51675239404e-05,2.37122401962e-05,5.14019016883e-05,3.05072927035e-05,2.47456328771e-05,5.56831776765e-05,8.13134649686e-05,1.81466001864e-05,3.02282882389e-05,2.01023177027e-05,2.59740935966e-05,9.07952147127e-06,1.74340940426e-05,1.36809005186e-05,6.78366167765e-06,2.49257023861e-05,2.14463736963e-05,1.13930651272e-05,9.28361930446e-06,1.01098836319e-05
LPX,2.68001934155e-05,5.12522879243e-05,3.24537604928e-05,1.36760778762e-05,7.69119138471e-05,3.02611704836e-05,9.40900226133e-06,3.93671254451e-05,3.84178591634e-05,6.73975499937e-05,7.77431917559e-05,1.81466001864e-05,0.000186795556193,6.78542555913e-05,-1.07552921457e-06,7.24422909192e-05,8.45834129258e-05,1.19843019694e-05,1.64984240451e-05,2.81706501306e-05,4.44418412775e-05,1.29331575906e-05,2.72460580178e-05,5.52266861238e-06,1.56271919822e-05
WRK,2.75562947876e-05,6.04259585936e-05,3.47973076643e-05,1.46234545541e-05,8.41663399753e-05,3.7028783064e-05,2.18715612537e-05,5.15373339621e-05,6.16637327759e-05,3.36714175875e-05,8.19675330524e-05,3.02282882389e-05,6.78542555913e-05,0.000178587229538,-1.61649382073e-06,7.10389361408e-05,1.123100581e-05,2.14117626829e-05,2.33591290001e-05,2.48443759254e-05,6.48393749611e-05,1.97167701138e-05,3.80112302131e-05,5.50179716235e-06,2.90860690879e-06
WMT,1.00628665243e-06,1.33478646002e-05,7.8564285849e-06,3.43547908221e-06,1.03109492789e-05,1.61007037281e-06,1.26015716018e-05,9.0563776425e-06,4.49872512132e-06,9.49154147429e-06,1.64965161187e-05,2.01023177027e-05,-1.07552921457e-06,-1.61649382073e-06,7.79398740304e-05,7.0115148607e-06,7.06728855238e-06,1.2876191741e-05,8.33628318017e-06,-5.11252199598e-08,9.45965396056e-06,7.628219565e-06,1.63574111182e-06,3.62777828178e-06,-5.42983991362e-06
THO,2.46531525274e-05,5.52140410092e-05,4.21250669038e-05,3.20531091577e-05,9.69469488427e-05,5.57879320048e-05,3.30300397345e-06,6.41704199706e-05,3.75951863109e-05,5.54739097011e-05,9.89518681843e-05,2.59740935966e-05,7.24422909192e-05,7.10389361408e-05,7.0115148607e-06,0.000341085470991,7.51764782988e-05,3.05543631595e-05,2.57620900745e-05,3.58565388056e-05,6.4973985032e-05,3.34307890511e-06,4.17538482273e-05,1.69591867654e-05,1.12771952681e-05
MRO,-1.70867235581e-06,7.01519051218e-05,-1.01208595431e-06,0.000107525775947,9.66779623055e-05,7.84367133989e-06,4.16123134362e-06,-1.37277647462e-05,1.79348810825e-05,1.04959967812e-05,-3.27232075169e-05,9.07952147127e-06,8.45834129258e-05,1.123100581e-05,7.06728855238e-06,7.51764782988e-05,0.000527995253576,1.61729792203e-05,1.58477856788e-05,9.19351815115e-05,6.96039771926e-05,6.11117352165e-06,2.90108419892e-05,-4.20589922352e-05,1.58793689893e-05
T,5.10905510149e-07,2.54292832114e-05,1.68666517597e-05,1.79954244069e-05,3.56442758874e-05,5.17638933873e-06,8.5075098926e-06,1.3045530338e-05,4.44672424407e-06,9.92069669356e-06,1.66040002766e-05,1.74340940426e-05,1.19843019694e-05,2.14117626829e-05,1.2876191741e-05,3.05543631595e-05,1.61729792203e-05,9.36518338783e-05,2.01277930013e-05,1.5766887544e-05,2.37605333677e-05,9.65488021226e-06,1.50568854567e-05,-6.83320466649e-06,5.98269303863e-06
MRK,8.14585954809e-06,9.0960136883e-06,1.5417460491e-05,9.59905816603e-06,1.4379951962e-05,7.40748705604e-06,7.37534063023e-06,1.3408974162e-05,7.42033397123e-06,2.42164595784e-05,6.64603119996e-06,1.36809005186e-05,1.64984240451e-05,2.33591290001e-05,8.33628318017e-06,2.57620900745e-05,1.58477856788e-05,2.01277930013e-05,5.42853536511e-05,1.01411793369e-05,1.30658506899e-05,4.4760642711e-06,4.20326364561e-08,8.20012290766e-06,1.97976527718e-05
XOM,1.96682576094e-06,2.8667795848e-05,3.64017705304e-06,3.85876748056e-05,3.3373835847e-05,2.04891911528e-06,2.95340246018e-06,1.35599690988e-05,4.35963000193e-06,5.03170178079e-06,4.17572535471e-06,6.78366167765e-06,2.81706501306e-05,2.48443759254e-05,-5.11252199598e-08,3.58565388056e-05,9.19351815115e-05,1.5766887544e-05,1.01411793369e-05,5.53647868715e-05,2.65846267989e-05,6.05068822652e-06,1.64557723748e-05,-1.9421060293e-05,1.03022078615e-05
JPM,2.18980164292e-05,8.63420091269e-05,2.24319167849e-05,2.33188107156e-05,9.35711150137e-05,2.12509648886e-05,1.49972110444e-05,3.31897321597e-05,3.83261200154e-05,3.7462639067e-05,3.49284994664e-05,2.49257023861e-05,4.44418412775e-05,6.48393749611e-05,9.45965396056e-06,6.4973985032e-05,6.96039771926e-05,2.37605333677e-05,1.30658506899e-05,2.65846267989e-05,0.000105597618152,1.85598529389e-05,5.45602909503e-05,8.06735105598e-06,1.07895774186e-05
LMT,1.94552361308e-05,1.3452955252e-05,1.53050794169e-05,3.69769164582e-06,1.88187257706e-05,1.84919342703e-05,3.85138076445e-05,2.79322194498e-05,2.53884154927e-05,2.01593572568e-05,2.76863958534e-05,2.14463736963e-05,1.29331575906e-05,1.97167701138e-05,7.628219565e-06,3.34307890511e-06,6.11117352165e-06,9.65488021226e-06,4.4760642711e-06,6.05068822652e-06,1.85598529389e-05,4.71514724975e-05,6.44736208011e-06,3.15155830443e-05,1.06602224076e-05
HSBC,8.24563262886e-06,6.05741935306e-05,1.29844519699e-05,2.09946355987e-05,5.47226673831e-05,1.62911848308e-05,4.80490620749e-06,-9.39579041648e-06,2.59816419444e-05,2.28158471171e-05,2.74597703243e-05,1.13930651272e-05,2.72460580178e-05,3.80112302131e-05,1.63574111182e-06,4.17538482273e-05,2.90108419892e-05,1.50568854567e-05,4.20326364561e-08,1.64557723748e-05,5.45602909503e-05,6.44736208011e-06,8.47141452221e-05,1.47699894933e-05,1.14421068286e-05
ALGN,0.000102169376465,-9.32128067999e-06,8.25038786238e-05,-4.18225397363e-06,3.42413313498e-06,5.04476350649e-05,3.67189236701e-05,1.17048364069e-05,4.70175751252e-05,6.84196219635e-05,8.88955137194e-05,9.28361930446e-06,5.52266861238e-06,5.50179716235e-06,3.62777828178e-06,1.69591867654e-05,-4.20589922352e-05,-6.83320466649e-06,8.20012290766e-06,-1.9421060293e-05,8.06735105598e-06,3.15155830443e-05,1.47699894933e-05,0.000378218857263,2.56610225004e-05
JNJ,1.5036839927e-05,1.388500881e-05,1.35297834068e-05,8.74566835542e-06,1.65250444108e-05,1.52168094565e-05,1.18312591791e-05,9.26788900559e-06,1.75811965856e-05,3.00766038887e-05,2.41916852213e-05,1.01098836319e-05,1.56271919822e-05,2.90860690879e-06,-5.42983991362e-06,1.12771952681e-05,1.58793689893e-05,5.98269303863e-06,1.97976527718e-05,1.03022078615e-05,1.07895774186e-05,1.06602224076e-05,1.14421068286e-05,2.56610225004e-05,5.21202092528e-05
