,AGN,AXP,VSAT,AXS,EGN,JWN,PAG,TAP,BC,UAL,LYB,KHC,WTM,LPX,PEP,GPC,HRL,GE,T,HAS,LVLT,GPS,MAS,VIA,VRSK,SNA,XRAY,LAZ,JNJ,APD,CXO,AES,BEN,KSS,FLS,SKX,AMAT,COLM,SWKS,CRI,HD,ARNC,LLY,NWS,RTN,AMD,PCLN,NWL,FSLR,PM,GRMN,S,QCOM,FTI,NFX,MD,AVT,MO,MDLZ,UHS,MS,JLL,NUAN,ETR,KMB,MUR,HAIN,AMGN,KMI,GWW,OTEX,GWR,LUK,WPX,SEE,SLB,WHR,LNG,CASY,MDT,UNP,F,CA,WAB,SJM,FCNCA,ADM,TRIP,ALKS,LEG,LMT,VMC,MMM,CMCSA,LOW,CVX,AAL,CVS,CAH,BAC,PDCO,DISH,DIS,TGT,TWTR,CL,SON,CELG,RPM,HOG,INTC,M,MLM,Y,XOM,STX,HPE,NKE,CSCO,HHC
AGN,0.000114737445082,8.08926354585e-06,2.03981408786e-05,1.61757218127e-05,-1.50505940237e-05,2.46131397529e-05,2.04418647823e-05,1.34927969734e-05,1.28059194687e-05,1.81808215502e-05,1.81652481479e-05,1.07612088522e-05,2.32256209388e-06,3.95112339717e-05,4.97830167987e-06,1.48667981964e-05,2.39816268897e-05,9.14184977838e-06,1.87310884952e-06,1.83362978827e-05,7.68855946174e-06,1.95746340957e-05,2.21339917012e-05,3.22265560168e-05,2.48449706969e-05,1.39127036442e-05,3.77578844295e-05,1.34834070013e-05,1.65951019216e-05,1.47632984869e-05,-1.48730057758e-05,8.23061781851e-06,2.79685461798e-05,1.71946044152e-05,8.90442278148e-06,2.63386653316e-05,6.81760534051e-06,7.85900437829e-06,1.41990257629e-05,1.41273855986e-05,2.42968914899e-06,1.94383925275e-05,3.12197436439e-05,3.21774475851e-05,4.01584242579e-06,2.54183784827e-05,3.57942558968e-05,-1.30074267936e-07,9.6989599356e-06,8.54021986235e-06,1.87619759005e-05,5.83502409574e-06,6.77877311186e-06,-1.73370656738e-05,-2.352203228e-05,3.72659539514e-05,2.00348771818e-05,1.0725216406e-05,6.22415400439e-06,1.63622922912e-05,8.7376339048e-06,4.33332036472e-05,8.55280190131e-06,9.94037903219e-06,7.29422957299e-06,-2.18521131812e-05,1.88097852907e-05,4.42782405213e-05,2.50077740441e-05,1.48444947978e-05,2.09427190541e-05,1.12866211709e-05,8.35955525149e-06,-4.57897898578e-05,4.95830150007e-06,-5.37556829877e-06,2.41701827052e-05,3.1931862721e-05,1.48077274711e-05,2.82890603379e-05,1.07292849638e-05,9.53574067013e-06,4.76300709589e-05,-1.11512216403e-06,1.22636857684e-05,2.57219811666e-05,9.13694183218e-06,-8.45697692482e-06,6.18695988246e-05,1.55137329427e-05,6.28662988319e-06,2.34612672138e-05,1.36811697075e-05,4.59084332515e-06,9.37424820318e-06,-6.87000326821e-06,1.08693612087e-05,2.88486457767e-05,4.83769852781e-05,1.22854180543e-06,5.84073238714e-05,2.24951331126e-05,1.35299162912e-05,-9.63600751897e-06,3.82825827244e-05,4.60196101692e-06,6.60583131129e-06,5.4013157945e-05,8.90550256389e-06,2.76751093877e-05,4.58822382003e-06,3.2958741405e-05,2.90386834066e-05,1.9354168563e-05,7.32901939572e-06,1.59805070256e-05,9.01993210573e-06,1.49571920486e-05,2.42087842926e-05,1.58854889378e-05
AXP,8.08926354585e-06,7.58137731252e-05,4.08037919961e-05,4.59811250864e-05,2.19744074811e-05,3.11586702339e-05,5.14143043224e-05,6.66642823109e-06,5.54252225539e-05,5.45184769226e-05,4.39337997686e-05,5.00477108821e-06,5.53046735133e-06,3.16591113207e-05,4.61810007713e-06,2.000048526e-05,6.53996835645e-06,2.03977612118e-05,1.72559654966e-05,3.55990668079e-05,1.37169579516e-05,4.924185378e-05,2.76686065246e-05,7.17960123953e-06,2.32321372636e-05,4.75926084448e-05,1.66769578359e-05,5.2839330946e-05,1.49798618324e-05,2.89352141543e-05,1.98155898271e-05,8.6849443871e-06,4.6612792256e-05,5.59237138762e-05,3.10717030151e-05,4.19401265624e-05,4.38847794856e-05,3.96280730809e-05,4.71733247798e-05,3.52159779982e-05,1.53847913052e-05,4.97733095304e-05,1.1860768898e-05,4.61561549999e-05,1.49893286626e-05,6.40601211868e-05,2.16919266421e-05,2.88793326213e-05,2.80371760279e-05,-3.33636118421e-06,2.54752815152e-05,5.13306288998e-05,3.14319986764e-05,1.25663866609e-05,3.4275213465e-05,-1.35015186795e-05,5.28296862892e-05,-4.3758815532e-06,1.14075221485e-05,1.90831450954e-05,6.21258192747e-05,4.94986949826e-05,3.92500770905e-05,-2.52387153628e-06,8.33581986699e-07,3.22055576451e-05,1.08598935431e-05,3.06338102433e-05,1.48515238337e-05,2.40721935376e-05,2.52118659517e-05,4.55620919608e-05,5.18451446656e-05,3.47310663249e-05,2.45950847327e-05,1.40791925665e-05,3.88178231948e-05,2.40659975868e-05,4.16200388699e-06,1.80664642651e-05,3.35523478351e-05,4.08396847736e-05,2.36501038328e-05,2.74312661067e-05,5.64062278978e-06,6.15637878078e-05,2.03291877433e-05,3.36374224553e-05,2.40175549771e-05,3.09929048108e-05,1.86115455866e-05,3.90980638023e-05,1.46341492424e-05,2.17392335796e-05,2.34142825845e-05,1.75439081887e-05,6.20905809569e-05,2.44580990163e-05,2.81844526124e-05,6.73932542189e-05,3.2675440599e-05,2.36638487417e-05,1.74639866148e-05,1.70145926652e-05,3.8237078893e-05,-2.90028928739e-06,3.55589363889e-05,2.89296742335e-05,4.12113622073e-05,1.2414209898e-05,2.69014076577e-05,6.32040469183e-05,4.4156703295e-05,3.37467545094e-05,1.23171577191e-05,2.11428682199e-05,2.07167511443e-05,2.58896184631e-05,3.13027091467e-05,1.27010697225e-05
VSAT,2.03981408786e-05,4.08037919961e-05,0.000216624633734,4.37459517972e-05,3.85978232126e-05,5.62194823952e-05,5.04825273424e-05,2.89501742887e-05,7.43397824688e-05,5.62005590353e-05,4.15417201629e-05,2.3515239266e-05,1.1175570602e-05,3.71944240508e-05,1.35288202935e-05,3.04705207457e-05,2.57916871401e-05,1.51988655374e-05,2.58148144107e-05,5.46648465405e-05,4.16409308027e-05,6.26055148276e-05,4.89869204559e-05,-6.36333011941e-07,3.92406029518e-05,3.51962628704e-05,6.55856741899e-05,5.27350154594e-05,9.62489577662e-06,3.95529759997e-05,2.56497228065e-05,4.41366460733e-05,4.91494605451e-05,6.00027282733e-05,5.70505888974e-05,4.08914957515e-05,6.94605169531e-05,5.03123705722e-05,5.94729379676e-05,5.13321976215e-05,9.79206301487e-06,7.43311869941e-05,7.66132637476e-06,5.51750319188e-05,1.85959333974e-06,7.40649972786e-05,6.55168771863e-05,3.57362879324e-05,7.69561648114e-05,1.53373236127e-05,4.12416671324e-05,8.851085692e-05,3.08870251618e-05,2.23328424283e-05,2.81516510046e-05,5.07387281775e-05,6.90230083149e-05,1.79373283451e-05,2.74905865877e-05,1.17448565225e-05,6.06216652584e-05,5.3594323139e-05,6.9613144458e-05,1.44818281261e-05,2.01422746068e-05,2.96000374195e-05,3.43410831777e-05,3.64143368046e-05,3.4337079441e-05,2.03010778065e-05,5.08503846927e-05,4.35554497771e-05,4.89122988356e-05,6.42327943002e-05,3.94385609569e-05,1.2914862084e-05,4.44137685891e-05,4.477485373e-05,5.08841936831e-05,2.05475197391e-05,3.9691295841e-05,1.65883843657e-05,3.47999401836e-05,1.56252049192e-05,1.7541179313e-05,6.63490139338e-05,2.87004035164e-05,8.86859837916e-06,4.7684650747e-05,5.18322093019e-05,1.00593845926e-05,5.04170924425e-05,8.92679053797e-06,3.06291185501e-05,1.13857661247e-05,1.38019261681e-05,7.13228922824e-05,1.96243863697e-05,4.14763892275e-05,5.79090311225e-05,5.54866234778e-05,2.31156980329e-05,2.73678712439e-05,3.6763026267e-05,3.72486760064e-05,2.50175819751e-05,4.10524388752e-05,3.91398352301e-05,4.22905362865e-05,1.02322586156e-05,3.89215778196e-05,6.04690151395e-05,5.00893864298e-05,3.23309999424e-05,7.1444996822e-06,2.29307560389e-05,2.4451480072e-05,5.48840170915e-06,4.50264840912e-05,4.00945391073e-05
AXS,1.61757218127e-05,4.59811250864e-05,4.37459517972e-05,0.000173905065081,5.26928250379e-05,3.69436535246e-05,5.83958991531e-05,2.59547945612e-05,5.50552184591e-05,7.13276837472e-05,4.72918173573e-05,9.73484915876e-06,2.7793225583e-05,4.77665630063e-06,-2.35164081932e-06,3.05830404914e-05,1.44310526114e-05,3.61253777553e-05,3.06779447378e-05,4.53385366406e-05,1.92490077557e-05,4.82574407223e-05,3.72402168847e-05,2.33808547308e-05,1.94719746517e-05,2.73985327113e-05,2.16263565524e-05,6.40256108501e-05,8.72940872038e-06,4.19361834961e-05,1.03872882131e-05,3.0405070812e-05,5.97143820649e-05,4.33541293326e-05,4.37933069618e-05,7.58766088044e-05,3.02249273349e-05,3.62262337549e-05,2.35341437954e-05,3.96309322684e-05,1.81161562942e-06,7.39820069025e-05,6.82064896839e-06,3.07252328672e-05,1.4951396139e-05,3.66997491382e-05,2.19296169464e-05,2.98046066763e-05,3.40016335762e-05,-1.72484867289e-06,3.30974393413e-05,2.94370038391e-05,3.92801338041e-05,9.22333049873e-06,4.20652389956e-05,5.94953260312e-05,5.69247183205e-05,1.31378053406e-06,1.61328180714e-05,2.50253566954e-05,8.28162600636e-05,5.35577233615e-05,3.80140367141e-05,4.94029708297e-06,7.88815470735e-06,8.56918080059e-06,2.07101821525e-05,3.6551102261e-05,3.69985761492e-05,4.74819226743e-05,3.30441708239e-05,4.68384993709e-05,7.31373032187e-05,3.41687657333e-05,4.08535600413e-05,3.97100621085e-06,4.82183248254e-05,1.01885895505e-05,1.55993872871e-05,2.15358708958e-05,4.42951436205e-05,3.260725986e-05,2.69027239377e-05,2.88307315107e-05,8.10536178468e-06,9.26838646991e-05,2.21539944208e-05,-2.27675028788e-05,2.78786696151e-05,7.4937507747e-05,1.58295925504e-05,2.49563933716e-05,2.00651079355e-05,4.187736879e-05,1.71314089591e-05,1.57086256116e-05,8.73905405871e-05,1.02676078837e-05,2.68633684747e-05,8.21858279538e-05,5.12786428282e-05,3.88491894747e-05,3.16684158044e-05,8.51149932485e-06,3.95155614025e-05,1.95381492264e-06,3.37243467882e-05,1.47902069516e-05,3.57814617828e-05,3.25091582637e-05,2.90111918762e-05,7.14994502006e-05,2.76428982468e-05,0.000100582070492,7.33151348093e-06,7.6976399592e-06,4.08222876998e-05,2.02368742369e-05,2.84021408112e-05,2.71202891073e-05
EGN,-1.50505940237e-05,2.19744074811e-05,3.85978232126e-05,5.26928250379e-05,0.000394981656997,4.97981693082e-05,6.59592358308e-05,5.10159399064e-05,5.35342187113e-05,3.12619384934e-06,0.000111097390546,-4.50269946996e-07,2.58004682669e-05,5.0418023261e-05,-1.86583547612e-07,6.30437268175e-05,4.60199997852e-05,3.55484086322e-05,3.61135716956e-05,1.70939561924e-05,5.83043722879e-05,0.000101180182972,4.23386173146e-05,1.22898885644e-05,2.73908509353e-05,6.34972965249e-05,2.58382138027e-05,6.35706602515e-05,-2.05636197203e-06,5.81900669318e-05,0.000230216595074,5.48356717903e-05,4.24092404337e-05,5.79294391363e-05,0.000130910537723,7.50500270645e-05,1.81839266786e-05,5.02669614153e-05,1.52984915142e-05,3.31764847402e-05,1.3989176756e-05,0.000107881584966,-1.83644629835e-05,6.77345606638e-05,1.22131923375e-05,7.48699736569e-06,3.92549399226e-06,3.04859210399e-05,4.57481024106e-05,1.91681363866e-05,3.68489914751e-05,1.58227176697e-05,3.2029062563e-05,0.000160456716598,0.000330984579492,6.57738859575e-05,8.61518533716e-05,-5.01394981475e-06,1.9396735755e-05,2.77935114024e-05,6.84167120791e-05,4.97544200265e-05,4.48408565684e-05,1.06560793107e-05,1.1611356651e-05,0.000279157780893,3.24894374409e-05,5.51935005424e-08,9.86124579056e-05,5.6357077009e-05,5.2251976663e-05,8.06529119081e-05,6.64606349473e-05,0.000430565397156,5.03615316161e-05,0.000122646619923,1.95229014328e-05,0.000156664759878,3.55423896502e-05,-5.76213759812e-06,3.82529962147e-05,5.80844469644e-05,-4.97335909672e-05,3.72981791079e-05,2.33139749373e-05,7.1686516858e-05,2.32618656071e-05,6.94860988585e-05,3.15129646148e-05,2.97174006345e-05,2.09088140371e-07,4.15231260111e-05,-2.01801945634e-05,2.46522618413e-05,5.05673381941e-05,9.66650466341e-05,3.61992630795e-05,2.99663712611e-05,5.41233688665e-05,7.02710954075e-05,2.94198878562e-05,7.35961335859e-05,2.74431852232e-05,5.79057965322e-05,-3.99996860919e-05,7.74591117529e-06,5.22881093497e-05,-1.16012436493e-05,6.12980987439e-05,2.72213907523e-05,1.81113846601e-06,4.85843774436e-05,5.23361075986e-05,2.88062144706e-05,5.15127302303e-05,-5.71055763348e-06,6.07815329892e-05,7.83165424344e-06,1.0759274809e-05,4.581332539e-05
JWN,2.46131397529e-05,3.11586702339e-05,5.62194823952e-05,3.69436535246e-05,4.97981693082e-05,0.000512521348157,0.000115812660735,-3.73885532154e-05,0.000112871455966,6.26239493557e-05,4.32158781441e-05,-3.90637969454e-06,3.74536797322e-05,7.628892841e-05,-3.12675069656e-06,7.92145855044e-05,1.53917934761e-05,6.03070147739e-05,2.41028578823e-05,3.31013785233e-05,4.86448100494e-05,0.000243390713161,4.56284223718e-05,6.12569726965e-05,7.64923455995e-06,4.6112000743e-05,4.29908239969e-05,3.70839920808e-05,-1.58604709075e-05,2.86400972113e-05,4.71447848828e-05,2.84147590615e-05,5.75202630563e-05,0.000286587802286,8.17023352117e-05,9.80261108032e-05,-7.42541903618e-06,0.000111503991257,1.41654496183e-05,0.000116910697226,3.68029630354e-05,2.69906163943e-05,2.17440416677e-05,7.21083105929e-05,2.31069092099e-06,-0.000125667799577,4.8656004655e-06,5.44242256354e-05,7.82561393123e-05,-2.1652290932e-05,3.75049044306e-05,-2.83190390431e-05,1.29900909499e-05,7.50318079612e-05,9.29104714625e-05,5.49604872342e-05,5.11835650707e-05,9.66045122813e-06,-6.14915611964e-06,4.65363196707e-05,6.83681732676e-05,8.53635220796e-05,5.3422396412e-05,-1.78387560184e-05,-9.37688778992e-06,0.000106032046919,-2.64232227204e-05,8.41986359746e-06,5.25627488968e-05,7.81332055317e-05,4.19364816192e-05,5.58910166015e-05,5.0501963871e-05,1.28808719269e-05,3.09939237621e-05,4.14765963984e-05,5.79818351063e-05,1.60014989458e-06,8.97113402236e-05,1.92002709953e-05,1.46635560669e-05,7.00082818804e-05,1.93462022668e-05,4.92989091087e-05,5.8211435381e-06,0.000102849466936,2.49938869514e-05,5.8820124157e-05,1.8633169768e-05,7.94978834189e-05,-3.02109009489e-06,7.39847806942e-05,-2.84762327979e-06,1.79022924519e-05,6.33162461056e-05,3.25760191858e-05,0.000116650348248,5.19403936701e-05,7.15220978774e-05,7.32387469382e-05,4.5704840728e-05,3.59323991266e-05,2.84238996214e-05,0.000156114633614,2.35629342562e-05,-8.090272799e-06,4.60600966206e-05,2.00749092257e-05,2.31842653575e-05,9.8379570173e-05,2.02450478238e-05,0.000378203756343,7.46827798837e-05,2.97573901361e-05,1.3763425095e-05,4.00032764785e-05,4.19067454004e-05,3.34258130101e-05,3.00693379978e-05,8.30611127187e-06
PAG,2.04418647823e-05,5.14143043224e-05,5.04825273424e-05,5.83958991531e-05,6.59592358308e-05,0.000115812660735,0.000281409234849,2.87623760923e-05,7.57090751365e-05,6.25594585247e-05,7.90195875962e-05,2.05335250531e-05,2.47342141972e-05,7.95690765943e-05,1.63858794012e-06,6.36812927552e-05,4.47144467051e-05,4.44199955407e-05,3.57590187308e-05,5.68239816759e-05,5.79790284831e-05,0.000119063857263,7.09333020572e-05,3.83894824674e-05,4.70945024491e-05,6.80088454723e-05,3.45176972992e-05,7.01554887557e-05,-2.63819335204e-06,3.68941144397e-05,4.82384846085e-05,1.27278216353e-05,7.05416335978e-05,0.000145068948322,8.90826171812e-05,8.03024960937e-05,7.9888513384e-05,9.95680488876e-05,7.19345663566e-05,7.85262065867e-05,3.4641086757e-05,4.66282448918e-05,1.8213802226e-05,6.77195327243e-05,2.41479507756e-05,9.58223154196e-05,2.63676568518e-05,3.43940874227e-05,7.53400099411e-05,-2.53880353693e-06,6.67018795891e-05,9.01784190852e-05,4.35157539194e-05,3.9119069311e-05,0.000100506027146,2.21575923049e-05,6.33614226527e-05,7.46491142032e-06,2.30404475206e-05,3.6593997029e-05,8.96724109654e-05,9.08317132026e-05,5.03942461182e-05,-1.18895492412e-05,6.1960617566e-06,6.37473492705e-05,7.51081104899e-05,3.0364058748e-05,5.13273030853e-05,2.84120189216e-05,7.27911903517e-05,8.117440939e-05,7.86170332993e-05,7.86690684414e-05,4.29030903379e-05,2.74568607603e-05,4.76771649202e-05,3.53521309162e-05,2.52676068997e-05,2.89976020904e-05,6.08566367669e-05,9.00076781749e-05,3.63721675242e-05,3.89562724472e-05,2.53663426551e-05,6.90728822102e-05,3.61657137195e-05,8.70481271807e-05,3.95358197947e-05,5.09758494153e-05,1.81726567456e-05,6.13856966619e-05,1.03787863677e-05,3.80073557878e-05,5.37068818802e-05,2.69771223946e-05,8.75570085437e-05,6.33488201396e-05,4.43427294602e-05,9.385469454e-05,6.08259047214e-05,5.41155060041e-05,2.27367260777e-05,7.28758217852e-05,7.25885178727e-05,-1.10668222864e-07,4.59363120484e-05,2.72154502549e-05,5.61608246962e-05,5.09244995013e-05,3.05077258649e-05,0.000140559886409,7.22473019988e-05,3.9388882144e-05,1.85563656058e-05,6.39746613907e-05,3.49657142799e-05,4.17244702374e-05,3.993135418e-05,3.62475522313e-05
TAP,1.34927969734e-05,6.66642823109e-06,2.89501742887e-05,2.59547945612e-05,5.10159399064e-05,-3.73885532154e-05,2.87623760923e-05,0.000109510895918,1.51274726726e-05,2.25698860339e-05,2.5047227856e-05,1.68305078795e-05,-5.36010138331e-06,6.49503615353e-06,1.8748915913e-05,1.8374969255e-05,1.5907872795e-05,1.47982681231e-05,1.23636662333e-05,2.34511492534e-05,2.58384338346e-05,1.69325144893e-05,2.53923691026e-05,1.26318894344e-05,3.18164545038e-05,3.06795230318e-05,1.01724649213e-05,6.47481786108e-06,3.28959023543e-06,1.99442956046e-05,2.83174819207e-05,3.26224537653e-05,1.67804129176e-05,1.00448322077e-05,3.75543471797e-05,3.71703093632e-05,8.11513736633e-06,1.58011424884e-05,1.48950379798e-05,1.88010885144e-05,8.98735478006e-06,3.6361583752e-05,-3.27520575377e-06,1.59238137015e-05,5.98476125601e-06,-3.12290037008e-05,1.59676904718e-05,2.97304412485e-05,-1.48869955099e-05,1.97986400533e-05,4.0484165427e-05,9.98070583893e-05,2.09175840959e-05,2.56992005588e-05,2.66091294744e-05,2.72570415236e-05,2.37330577704e-05,1.99173040946e-05,1.52089830165e-05,1.38466162944e-05,1.54165422603e-05,2.35162152739e-05,2.89470550771e-05,9.56469442026e-06,1.59812881474e-05,4.16094590472e-05,2.27093378887e-05,9.14237851885e-07,1.91313752331e-05,-1.52580137469e-05,2.42747777681e-05,3.27020487313e-05,1.88328402013e-05,0.000100118303361,3.45362997931e-05,2.00330697928e-05,1.417847921e-05,4.14881590076e-05,2.38092055212e-06,1.56077882539e-05,1.19772961205e-05,1.52571314222e-05,1.37035525541e-06,-2.88341360922e-06,8.4698914029e-06,5.6564053353e-06,2.06169673299e-05,4.54618400757e-05,3.84881109558e-07,1.54738496136e-05,9.08720780175e-06,8.74193303572e-06,1.01702591919e-05,2.23839567742e-05,2.15350816926e-05,1.4284824603e-05,1.8522249549e-05,8.15933649052e-06,-1.29107036581e-05,8.29223021429e-06,2.24483896606e-05,3.46733567332e-05,1.6751028094e-05,6.34706239214e-06,-2.73722139774e-06,6.28862421253e-06,2.13154157033e-05,1.65090820815e-06,2.02854532862e-05,1.79938814627e-06,1.23003682861e-05,7.45536014217e-06,9.88289454794e-06,1.18508288424e-05,6.60189582782e-06,2.92057297022e-06,9.06330124037e-06,1.64209629908e-06,2.19500649885e-05,1.33533962304e-05
BC,1.28059194687e-05,5.54252225539e-05,7.43397824688e-05,5.50552184591e-05,5.35342187113e-05,0.000112871455966,7.57090751365e-05,1.51274726726e-05,0.00025738208637,9.87253561499e-05,8.48727855163e-05,5.91163046194e-06,4.58341801005e-06,7.80975399917e-05,7.03442460972e-06,4.63881334999e-05,2.63377661274e-05,4.8292798276e-05,1.03920304713e-05,4.7530811444e-05,2.23772705419e-05,0.000121600318767,6.71397773699e-05,-1.24737842733e-06,3.24187961626e-05,5.6566698966e-05,4.42083649066e-05,8.37749560646e-05,8.05463444754e-06,4.76438229358e-05,4.760256548e-05,2.93804725534e-05,7.66740296459e-05,0.000104377371869,7.29025190368e-05,0.000123001798447,7.48997694914e-05,7.29279006279e-05,5.00143558014e-05,6.24968416462e-05,4.82140387352e-05,9.45053694628e-05,2.55625455153e-05,5.93896456257e-05,1.31278246399e-05,0.000108460168833,3.32925293324e-05,4.67528795137e-05,8.01445844936e-05,8.74990281255e-06,5.55053607926e-05,7.11144621538e-05,6.71645877875e-05,4.06729689866e-05,7.67175940172e-05,5.41662639511e-05,9.92742615199e-05,5.7226275378e-06,1.75343126667e-05,3.72812840438e-05,8.95145195716e-05,8.85689535025e-05,9.24099228833e-05,-1.35354882395e-05,-1.0308180524e-06,7.84211613043e-05,2.04185413713e-05,6.55825815225e-05,2.29661875668e-05,4.02420317836e-05,4.36280851345e-05,9.35832952919e-05,7.26920536255e-05,5.43988353838e-05,3.79509546293e-05,3.23402468539e-05,8.13238879685e-05,6.68427351681e-05,2.82416559571e-05,2.39317335941e-05,6.13805657787e-05,6.99975287493e-05,8.41145663656e-05,4.79372402305e-05,-1.43041369681e-05,9.60169194224e-05,2.93318754236e-05,9.34852540196e-05,8.14796930381e-05,7.31752753607e-05,2.31127165817e-05,6.24962445864e-05,1.41515916636e-05,3.77301147726e-05,7.37374839348e-05,2.84668921661e-05,0.000133467607044,3.75365209002e-05,4.67232843008e-05,8.97667308964e-05,6.54314627241e-05,3.63366555842e-05,1.98815547972e-05,5.15395232754e-05,8.66791003703e-05,-6.16113764419e-06,6.0246993142e-05,6.1533543412e-05,6.55783965667e-05,4.14356197647e-05,2.47964515499e-05,0.000116648158546,5.65508446143e-05,3.33201992805e-05,1.6406899332e-05,4.97722851794e-05,4.31819213567e-05,3.03363604126e-05,6.19326275105e-05,2.63962618247e-05
UAL,1.81808215502e-05,5.45184769226e-05,5.62005590353e-05,7.13276837472e-05,3.12619384934e-06,6.26239493557e-05,6.25594585247e-05,2.25698860339e-05,9.87253561499e-05,0.000327473932301,4.76075407797e-05,1.86490904724e-05,7.19222563855e-06,3.44303249509e-05,1.46708482732e-05,2.44391653604e-05,8.84636202697e-06,3.63568315343e-05,1.66998399179e-05,7.11199247482e-05,2.11015504117e-05,4.633973658e-05,5.42313318706e-05,-1.50659067338e-05,2.68846152723e-05,4.3857048552e-05,4.0315693937e-05,7.86228657888e-05,1.92224930594e-05,5.27995641364e-05,-1.73690730421e-05,5.60264508472e-06,7.59468515025e-05,6.66960207719e-05,5.86814224284e-05,9.29168117574e-05,0.000104252000377,4.48906041527e-05,8.05085900914e-05,4.82653314521e-05,3.99884876752e-05,9.15795218968e-05,1.67287217611e-05,4.21472225747e-05,2.77865771103e-05,3.71480271077e-05,5.93047373233e-05,6.28925259717e-05,5.82857848522e-05,2.98179910568e-05,3.20914060034e-05,9.02400221152e-05,7.20000128488e-05,5.13643311021e-07,-4.5223886898e-05,5.39144891999e-05,4.68827160237e-05,2.1824941324e-05,2.95971792591e-05,6.97375206936e-05,6.5214336184e-05,4.88618453281e-05,8.09485234982e-05,1.65115058745e-06,3.57252075121e-07,-2.62815112518e-05,1.90330131806e-06,5.29596068524e-05,2.50346269564e-05,6.06413883325e-05,4.34346544814e-05,7.7371106397e-05,5.70807520878e-05,-1.9327686976e-05,2.89530197553e-05,-6.8357291723e-06,7.53698778249e-05,3.05922594365e-05,-7.05135062146e-06,3.29551572434e-05,6.26109647714e-05,2.74989612706e-05,5.46564425789e-05,4.21920098917e-05,8.14897199584e-06,6.38743872379e-05,-5.99786221813e-06,1.79212503919e-05,8.1984261112e-05,6.73813734102e-05,3.42165370495e-05,5.74226569287e-05,3.12775639855e-05,3.9770108951e-05,5.59352209074e-05,4.75986245122e-06,0.000259709943927,5.51580238874e-06,7.53847095881e-05,7.78429246377e-05,4.85236616928e-05,5.49919348617e-05,1.51301863934e-05,2.05770872334e-05,0.000101503842605,-1.40850401454e-06,5.20903143329e-05,5.90841824006e-05,5.84465673029e-05,4.66548980865e-05,4.98436448543e-05,7.04831088077e-05,7.04981296246e-05,3.29524024909e-05,6.71670401338e-07,8.12431491762e-05,3.71600267154e-05,9.26678817066e-06,4.10267109451e-05,1.85440249815e-05
LYB,1.81652481479e-05,4.39337997686e-05,4.15417201629e-05,4.72918173573e-05,0.000111097390546,4.32158781441e-05,7.90195875962e-05,2.5047227856e-05,8.48727855163e-05,4.76075407797e-05,0.000152542346103,3.77480995527e-06,1.66952921143e-05,6.06729576821e-05,2.26382561935e-06,4.13227002477e-05,2.8858867516e-05,1.83771078562e-05,2.126376083e-05,3.26178501628e-05,9.55265747456e-06,7.43146924982e-05,4.18597461071e-05,2.46343176547e-05,4.13465736464e-05,4.44645129625e-05,1.60172690165e-05,5.84727482246e-05,1.46856240235e-05,4.57079598635e-05,6.68767161317e-05,2.86350461821e-05,4.64365190526e-05,8.88885636082e-05,5.60113606907e-05,6.44555039939e-05,4.50337269169e-05,7.2549945612e-05,4.57315368328e-05,4.24184558612e-05,2.07999997816e-05,7.75703051604e-05,2.33090590129e-05,5.1757972999e-05,2.31760250491e-05,5.60223477291e-05,1.49353476849e-05,-2.57667733969e-06,7.62397075302e-05,1.12423503461e-05,3.84664643916e-05,7.2480241002e-05,3.13383314894e-05,5.94074370373e-05,0.000118314957626,1.16620289154e-05,5.89717458057e-05,-9.77222846381e-06,5.85460558046e-06,3.35388069745e-05,6.26071420061e-05,7.43723555321e-05,4.22394659957e-05,7.2369149314e-07,1.91363394686e-06,0.000126006108374,3.96041770956e-05,3.90688534669e-05,5.94934701292e-05,1.75791495932e-05,2.62694260987e-05,8.86759828077e-05,5.85799687907e-05,0.000134852910524,9.69311715242e-06,5.20547250327e-05,3.15830394314e-05,7.3331369769e-05,2.40967269019e-05,1.39112598277e-05,6.50236757599e-05,4.50144342483e-05,2.84589430966e-05,3.43635328558e-05,7.86300329292e-06,7.14570940039e-05,2.57201627329e-05,5.26850038836e-05,4.89224677663e-05,2.8759469318e-05,2.33732511817e-05,4.44708157097e-05,1.42769867301e-05,3.46575960451e-05,3.09408219582e-05,4.75381129053e-05,6.94691466377e-05,2.87999593557e-05,3.2831863375e-05,6.86405192444e-05,4.05016441684e-05,4.26444811117e-05,2.53685997487e-05,2.48849672072e-05,3.41652277783e-05,-4.97247184899e-06,4.18610237989e-05,3.50681759668e-05,5.29448400076e-05,4.01566433403e-05,3.37984626175e-05,6.49112688251e-05,5.78072914869e-05,3.14606081772e-05,2.45563177619e-05,4.147477903e-05,4.36704942078e-05,2.29311768126e-05,3.59832616231e-05,1.90994387517e-05
KHC,1.07612088522e-05,5.00477108821e-06,2.3515239266e-05,9.73484915876e-06,-4.50269946996e-07,-3.90637969454e-06,2.05335250531e-05,1.68305078795e-05,5.91163046194e-06,1.86490904724e-05,3.77480995527e-06,5.20053310267e-05,3.17787945022e-06,3.14021404197e-06,2.05720030201e-05,1.589530291e-05,3.53279473318e-05,7.12379098455e-06,1.0825347242e-05,1.37331608709e-05,1.61621312581e-05,3.54607047625e-06,1.388427615e-05,-7.63260099983e-06,1.45782854283e-05,5.62939511043e-06,3.2476133556e-06,1.77294036335e-06,5.30771448186e-06,9.87807799174e-06,-3.48083627886e-06,1.3335655044e-05,1.046548164e-05,7.9449996377e-06,8.36805664988e-06,1.05073830769e-05,2.88422637273e-05,1.6400400627e-06,3.12164778092e-05,4.02574997614e-06,1.14242840445e-05,1.65976899664e-05,9.29144639758e-06,1.52623501849e-05,6.94885009681e-06,2.00225139325e-05,1.27761074561e-05,7.34644991414e-06,2.0058559501e-06,1.98277502532e-05,1.55792020712e-05,8.91452013416e-06,1.37121052662e-05,2.52514101708e-06,-1.27560509676e-05,-4.3296037421e-08,8.92669752423e-06,1.99352475077e-05,4.02451695376e-05,-3.67260805647e-06,4.16300360689e-06,5.28434479341e-06,1.85719075781e-05,1.494095707e-05,1.91701223662e-05,-5.96466770748e-06,3.36930636067e-05,1.56940310232e-05,7.13401312843e-06,-1.6559900427e-05,1.53877330436e-05,1.07636782008e-05,1.64967622422e-07,4.90426342723e-06,1.59748699912e-05,1.32185574376e-06,-3.78590796703e-06,7.06438569882e-07,1.74140846533e-05,7.47364262351e-06,7.65070439201e-06,9.36587242888e-06,1.45420702013e-05,-9.42611658782e-06,4.30176768782e-05,-4.85642923865e-06,2.46659201567e-05,3.61085361041e-06,7.38450019467e-06,1.34323791748e-05,7.50658406462e-06,3.77893729764e-06,4.67412571774e-06,1.99002685355e-05,1.19030630411e-05,-1.63857114244e-06,2.02657073633e-05,2.50831398689e-05,-6.80111052782e-07,-1.55447434066e-07,1.53749176276e-05,1.18753212427e-05,7.79742994116e-06,1.09972932263e-05,2.46442261163e-06,1.77105176616e-05,9.70704535306e-06,1.33447006627e-05,1.30627393982e-05,9.46692613855e-07,1.85808156295e-05,5.04973763923e-06,1.3016231388e-05,5.61132342349e-06,4.05902654008e-06,1.77482685656e-05,8.43108477636e-06,1.49508161069e-05,1.41321061085e-05,5.99077076532e-06
WTM,2.32256209388e-06,5.53046735133e-06,1.1175570602e-05,2.7793225583e-05,2.58004682669e-05,3.74536797322e-05,2.47342141972e-05,-5.36010138331e-06,4.58341801005e-06,7.19222563855e-06,1.66952921143e-05,3.17787945022e-06,5.01803900918e-05,1.08476685558e-05,-1.64909247308e-06,2.13616914372e-05,5.35917157271e-06,7.21232328966e-06,-6.77471701178e-06,1.10895143585e-05,-1.49442010483e-06,2.07711402828e-05,5.97246669619e-06,2.67510256258e-05,-5.15729027787e-06,4.87258139811e-06,1.3711232591e-05,1.23325989315e-05,-1.70772387163e-06,6.26285047739e-06,8.91927306357e-06,1.34705755492e-05,9.10673376157e-06,1.77333744893e-05,1.03537576865e-05,1.78017109724e-05,-1.50510626715e-05,1.31494493671e-05,-7.65034379543e-06,9.5287275011e-06,5.44147793376e-06,1.06222620825e-05,-8.53253096131e-06,4.09650822181e-06,1.19805920646e-06,9.74392098734e-07,-6.24245458659e-07,1.00076784906e-05,3.00001757066e-05,-5.23834527731e-06,1.57591031882e-06,-2.76770507697e-05,4.0663747484e-06,5.57754521258e-06,3.17443463741e-05,2.3615199528e-05,1.49597964443e-05,-8.27117710205e-06,4.27019549215e-06,1.77843546176e-05,8.10421650683e-06,8.02142837389e-07,1.44699321158e-06,2.10663196625e-06,4.56470196966e-06,1.90969803808e-05,6.98242787136e-06,4.45510778667e-06,8.35925857918e-06,1.44267927304e-06,-4.82364641122e-06,1.50245012407e-05,6.11270513631e-06,2.23366790085e-05,6.68279509911e-06,3.74241682984e-06,1.36387413712e-05,-1.10509305393e-06,1.0759587425e-05,-5.15927894779e-07,6.40810678141e-06,1.70538421411e-05,1.19248036637e-05,8.40229651027e-06,6.70543825061e-06,2.13380775329e-05,7.7433288561e-06,-6.68643900457e-06,2.32357839022e-06,1.14387135914e-05,9.36061652897e-07,-1.79647908421e-06,-6.10008911706e-07,-1.67118983199e-06,1.49848663982e-06,5.75631287193e-06,1.86489067978e-05,1.56877427929e-05,1.53815147403e-06,1.02027914463e-05,1.97620492199e-05,-1.43846667259e-05,3.93759197735e-06,1.33898677824e-05,5.43885527906e-06,2.59469739143e-06,1.04207230084e-05,-7.57980986973e-06,1.06685056603e-05,3.08419690707e-06,-1.74768805486e-06,1.92950234721e-05,-2.47746660475e-07,2.4926888944e-05,1.71555023123e-06,-1.10577728136e-05,-2.30024823068e-06,3.30079650584e-06,4.82096831322e-06,6.88150792891e-06
LPX,3.95112339717e-05,3.16591113207e-05,3.71944240508e-05,4.77665630063e-06,5.0418023261e-05,7.628892841e-05,7.95690765943e-05,6.49503615353e-06,7.80975399917e-05,3.44303249509e-05,6.06729576821e-05,3.14021404197e-06,1.08476685558e-05,0.00020840151631,8.72710777618e-06,3.37807848722e-05,2.09510040059e-05,4.4239852834e-05,1.20890938179e-05,2.11378179183e-05,2.95254590117e-05,6.98516625625e-05,6.21334074799e-05,2.6312162344e-05,2.44877895544e-05,5.32626856046e-05,3.75925741208e-05,5.24690108021e-05,1.49134003754e-05,1.74961294284e-05,3.13494209328e-05,1.99718725394e-05,4.53631752502e-05,6.40009184757e-05,6.1385745419e-05,3.41867896296e-05,3.77967031559e-05,3.14184367668e-05,2.69484368637e-05,2.84598681699e-05,2.8054330488e-05,8.43322498348e-05,2.14847877015e-05,5.04126256439e-05,6.15419357389e-06,0.000103812841305,1.69959789889e-05,-1.23234355432e-05,3.17014018917e-05,1.35757507272e-05,4.06990256209e-05,1.54447178212e-05,3.74592245652e-05,4.37368041141e-05,9.09087732363e-05,5.48740549967e-05,5.9887405683e-05,1.312835484e-05,1.28442984534e-05,2.05708264347e-05,5.51970682458e-05,3.23443198586e-05,4.79871237106e-05,-7.52822767855e-06,8.7020993203e-06,9.03265303678e-05,1.49136839629e-05,4.15713465541e-05,3.69755887903e-05,3.18472887564e-05,3.09647286403e-05,6.60332205831e-05,4.30676644822e-05,6.6686890285e-05,2.8083325049e-05,3.06461652707e-05,3.60617349797e-05,4.473310809e-05,2.605500217e-05,2.51667765282e-05,4.24959477737e-05,6.31394370998e-05,3.13025250359e-05,5.34630196821e-05,2.24723585887e-06,5.0077668314e-05,1.68050678999e-05,5.71914675148e-05,5.89024938802e-05,4.27206396309e-05,1.179948399e-05,6.97179481666e-05,2.06444185963e-05,4.29988557104e-06,5.76421599297e-05,2.63396986071e-05,5.1728740981e-05,3.09099222964e-05,3.1979064073e-05,5.22115058517e-05,6.04357468472e-05,8.75878449537e-07,-4.43689734533e-07,1.51497579978e-05,2.19806774932e-05,4.88308951062e-06,4.25319276645e-05,6.27573098718e-05,4.71365208316e-05,6.45178709361e-05,1.59515127895e-05,5.94706847875e-05,6.738294014e-05,2.19670475796e-05,2.73162972778e-05,6.32793294546e-05,2.91284362673e-05,1.27015973471e-05,3.26022449251e-05,2.0953826683e-05
PEP,4.97830167987e-06,4.61810007713e-06,1.35288202935e-05,-2.35164081932e-06,-1.86583547612e-07,-3.12675069656e-06,1.63858794012e-06,1.8748915913e-05,7.03442460972e-06,1.46708482732e-05,2.26382561935e-06,2.05720030201e-05,-1.64909247308e-06,8.72710777618e-06,3.15921260092e-05,3.29826333451e-06,1.51083697017e-05,4.12951498449e-06,1.19646212266e-05,1.45660715914e-05,1.91139794403e-07,3.41463093661e-06,6.96827695578e-06,-5.22683776679e-06,1.63096040987e-05,2.12528540905e-06,3.7562330731e-06,1.74213962372e-06,1.12306124052e-05,6.68471200278e-06,-3.24556453745e-06,2.10863458253e-05,7.71804905181e-06,9.28529443254e-06,6.18799492173e-06,1.09560041432e-05,9.20377867351e-06,1.66081348006e-06,9.1471637477e-06,9.95803388941e-06,3.0083579719e-06,5.0621136665e-06,1.59089259715e-06,1.684060049e-05,5.01117813383e-06,-3.97346998222e-07,9.27620885811e-06,1.27565864907e-05,-1.72459479454e-06,2.3937819083e-05,5.03914937378e-06,1.35014813126e-05,6.79018729327e-06,3.9669261961e-06,-5.46334668172e-06,6.85598744153e-06,5.26417311946e-06,2.11733882827e-05,2.13343161097e-05,-8.20279295836e-07,-1.77912153436e-06,2.11147178134e-06,9.47684649889e-06,1.54526958619e-05,1.94738139329e-05,-1.91254950993e-06,1.57716702401e-05,4.87605394709e-06,6.27113358873e-06,-1.42019202661e-05,1.1809832547e-05,2.66715457744e-06,-7.61340451097e-06,-2.97405229189e-06,1.70645008242e-05,5.68598573652e-07,-4.054750558e-06,3.27084611747e-06,9.27796055384e-06,8.58052846214e-06,1.11666560851e-06,3.6245733329e-07,5.84623302422e-06,-3.82585727189e-06,1.76975396101e-05,-8.01641496798e-06,1.6179049869e-05,2.79280533681e-06,1.17663501346e-05,2.62983019743e-06,6.31795387582e-06,-2.08985469741e-06,1.00083536393e-05,1.06327232706e-06,5.57516928747e-06,3.65613938359e-06,1.68519388669e-05,1.1080073401e-05,-1.94453380511e-06,-5.0568793832e-06,1.17788594725e-05,3.08133868949e-06,1.5754820468e-07,2.61634072399e-06,-1.16998984245e-05,1.53620726517e-05,7.54401606307e-06,1.06178562084e-05,1.15465893337e-05,-7.24738055531e-07,6.3884693042e-06,4.5890612697e-06,4.41431404778e-06,-4.44698470184e-06,4.84484484681e-06,1.42417098192e-05,4.4267954205e-06,9.17617331941e-06,1.0037761354e-05,2.5204622434e-06
GPC,1.48667981964e-05,2.000048526e-05,3.04705207457e-05,3.05830404914e-05,6.30437268175e-05,7.92145855044e-05,6.36812927552e-05,1.8374969255e-05,4.63881334999e-05,2.44391653604e-05,4.13227002477e-05,1.589530291e-05,2.13616914372e-05,3.37807848722e-05,3.29826333451e-06,0.000143926882547,2.69859909181e-05,3.94144072072e-05,3.46191317799e-05,2.75135745853e-05,4.51542122294e-05,9.60802387898e-05,3.51252810947e-05,9.43692262113e-06,2.24191246173e-05,5.94315016019e-05,2.66102277073e-05,3.94651896532e-05,-4.38611594711e-06,3.33182907553e-05,4.29102547076e-05,1.86966448322e-05,2.44796671547e-05,0.000101058185376,5.88490241036e-05,5.45521023779e-05,-8.61906843452e-06,4.25504153406e-05,-8.49449515513e-06,6.24255666003e-05,4.64052694376e-05,2.32708379157e-05,7.45605267468e-07,4.59926771212e-05,1.00565453734e-05,-0.000100767627721,-8.55505261729e-06,2.39575667363e-05,-3.35406976858e-05,-9.4822074846e-07,4.32449692303e-05,-1.71260242732e-05,1.03563714853e-05,2.66696376331e-05,6.76657898407e-05,3.7883848466e-05,4.35528286684e-05,3.01724340517e-05,1.8591436959e-05,1.09338768628e-05,1.30823965783e-05,3.4795549239e-05,1.42397126761e-05,1.26019921339e-05,1.07224068826e-05,5.60703940684e-05,3.9892103373e-05,9.75031311478e-07,3.47910385566e-05,5.07507081642e-05,-1.92881648037e-06,5.66333248851e-05,3.50998875643e-05,5.34204385694e-05,2.1436092613e-05,3.62251254271e-05,2.34225775044e-05,3.4520814033e-05,5.50615484105e-05,3.68038997475e-06,3.54522546869e-05,4.87677339344e-05,-2.77435137722e-06,2.55416610065e-05,2.5041542628e-05,5.60678948493e-05,1.79594616926e-05,2.96369488018e-05,6.79913564492e-06,4.81231366405e-05,5.58218336007e-06,2.21230662525e-05,1.00744550655e-05,2.65617367238e-05,7.11078439728e-05,1.90948986873e-05,4.15067541391e-05,3.12439889511e-05,1.86347318908e-05,2.08456059905e-05,5.7222878357e-05,3.0188879479e-05,3.62464890939e-05,5.92039062816e-05,-3.12493271432e-05,1.83223951828e-05,3.22541801178e-05,-2.35932636015e-07,3.74980102858e-05,4.50506660532e-05,1.51208636871e-05,0.000121946063772,3.19800149089e-05,3.67747607698e-05,2.37633299255e-05,2.01259356304e-05,1.97139002758e-05,3.09081200982e-05,2.72445398941e-05,3.22451210729e-05
HRL,2.39816268897e-05,6.53996835645e-06,2.57916871401e-05,1.44310526114e-05,4.60199997852e-05,1.53917934761e-05,4.47144467051e-05,1.5907872795e-05,2.63377661274e-05,8.84636202697e-06,2.8858867516e-05,3.53279473318e-05,5.35917157271e-06,2.09510040059e-05,1.51083697017e-05,2.69859909181e-05,0.000131718914343,1.8982805556e-05,1.99419353041e-05,1.84843708303e-05,2.70684755281e-05,3.25921839433e-05,3.47762240821e-05,-2.76784045488e-06,2.82251962382e-05,3.02663514221e-05,4.79314638881e-06,1.44476692601e-05,1.04823332593e-05,2.28245480684e-05,1.91612467201e-05,1.48271142751e-05,1.23629440565e-05,2.62700909889e-05,4.12275620877e-05,3.24465831358e-05,1.98083226316e-05,1.25103576674e-05,2.07866734167e-05,8.78150518334e-06,9.83743332164e-06,5.43354864596e-05,-2.04384867466e-06,2.70065533601e-05,9.18324842398e-06,8.20104779792e-06,1.14020927617e-05,1.49858431102e-05,2.2275633587e-05,7.56199011409e-06,1.77635797497e-05,1.82061065324e-05,1.74598628794e-05,3.73897915615e-05,1.17290376157e-05,8.25428035227e-06,1.57502838502e-05,1.20413550057e-05,3.74493699838e-05,2.25231336094e-06,1.15463830814e-05,2.48328539831e-05,5.23802639235e-06,8.78711613459e-06,2.25793520635e-05,3.67368611428e-05,4.08828032385e-05,1.65692268153e-05,2.05414405397e-05,3.1829192091e-05,1.89759000887e-05,2.80153602987e-05,9.67236016421e-06,4.72845793e-05,1.58186912611e-05,2.5343181423e-05,1.51263475994e-05,2.66610829708e-05,1.95236998265e-05,1.70905947808e-05,1.04967877679e-05,2.20927503852e-05,1.00485619318e-05,3.32809259601e-06,6.35086626641e-05,1.88594349544e-05,2.89759715997e-05,8.40055702466e-06,3.20307275149e-05,2.34639292196e-05,2.42688706835e-06,1.8857655295e-05,4.91418589949e-06,1.90198244102e-05,1.52261374917e-05,1.38783575885e-05,1.70744108418e-05,4.2304041781e-05,1.03156020682e-05,1.4851748123e-05,9.98262529574e-06,1.56535708204e-05,1.13087073864e-05,3.62995241732e-05,-8.06885029293e-06,1.88521155878e-05,1.66514897854e-05,2.36283305759e-05,2.31163392665e-05,1.91082215661e-05,1.03326663335e-05,3.20576457781e-05,3.34145310793e-05,7.14877574623e-06,1.12459125834e-05,1.21915821588e-05,1.04368867344e-05,1.96117154378e-05,1.96437164478e-05,2.08324071452e-05
GE,9.14184977838e-06,2.03977612118e-05,1.51988655374e-05,3.61253777553e-05,3.55484086322e-05,6.03070147739e-05,4.44199955407e-05,1.47982681231e-05,4.8292798276e-05,3.63568315343e-05,1.83771078562e-05,7.12379098455e-06,7.21232328966e-06,4.4239852834e-05,4.12951498449e-06,3.94144072072e-05,1.8982805556e-05,0.000110960759621,3.93486253629e-05,2.19219126935e-05,2.00639959148e-05,5.82852627231e-05,1.92002304289e-05,2.67704560502e-05,6.41816063587e-06,4.00647961145e-05,5.23647806724e-06,2.62269962729e-05,8.64858144695e-06,1.3480547254e-05,1.34474277239e-05,1.24016693619e-05,2.89907377929e-05,5.60623939224e-05,5.72018988195e-05,3.51347620953e-05,7.72292418527e-06,2.9780662791e-05,-3.59537971626e-07,3.15233265954e-05,1.54601245058e-05,2.85466233489e-05,1.05066727384e-05,3.33990427158e-05,9.69668030724e-06,-1.17803437135e-05,-3.20967662627e-06,2.13880279684e-05,3.01584404425e-06,9.40228369424e-06,3.14947998302e-05,1.85192787899e-06,2.91885074862e-05,4.30768561119e-05,6.44116709553e-05,3.05191909715e-05,3.3137750643e-05,2.1017848983e-05,9.5218217051e-06,1.7762587646e-06,4.1629565672e-05,2.19485639171e-05,2.7054234082e-06,1.10574972515e-06,8.37356049698e-06,5.82430144505e-05,1.29995872072e-05,1.33232280064e-05,3.24702780672e-05,4.53441874714e-05,1.69593079586e-05,4.11203233232e-05,3.60567474892e-05,4.38367175247e-05,1.68229338271e-05,3.19872402883e-05,2.20299795202e-05,3.64751031184e-05,1.01779091341e-05,1.82887700761e-05,2.39450045702e-05,5.29176687582e-05,6.47326080764e-06,3.01313295897e-05,1.00130508093e-05,4.41013010091e-05,2.96418341982e-05,3.94544329831e-06,8.35620575746e-06,4.60562587765e-05,1.07294589909e-05,1.35196716157e-05,1.59109040545e-05,3.55695446837e-05,3.25674954532e-05,3.4939897723e-05,4.68148389474e-05,2.14240375859e-05,6.39048293911e-06,4.4098866284e-05,2.12598160667e-05,1.45395890248e-05,2.92842940244e-05,2.94581022859e-05,-1.0966443305e-05,-7.11807518593e-07,3.60796762191e-05,1.64027375271e-05,2.23230237107e-05,3.70041985831e-05,2.09046967463e-05,6.30127042245e-05,1.80550043379e-05,3.39560312867e-05,2.62628530533e-05,4.26100231842e-05,3.15374318568e-05,1.19842964614e-05,2.19596599605e-05,1.14363113495e-05
