,GOOGL,AAPL,ACN,XLV,IAI,ICLR,MSFT,PPA,SONVY,PCLN,$US,AMT,GRMN,SAFM,EWO,INTC,LPX,PYPL,IXG,AMGN,ANTM,FXI,EWT,RHHBY,EZU,EBAY,UL,SH
GOOGL,9.71927081208e-05,5.67813617767e-05,2.24168442588e-05,2.24003573244e-05,2.88637201104e-05,1.97192921072e-05,5.13989803839e-05,2.57099684636e-05,6.53027911004e-06,5.37004953491e-05,0.0,8.90887990356e-06,1.67745344844e-05,-6.50521008145e-06,2.20447563607e-05,2.1445825857e-05,1.37853956164e-05,6.36229694103e-05,2.4244340474e-05,3.24656312189e-05,2.75971952884e-05,3.4134556741e-05,3.10871508083e-05,1.48835693962e-05,2.7730100077e-05,6.08116495108e-05,2.31294583679e-05,-2.45965142614e-05
AAPL,5.67813617767e-05,0.000120794567618,2.00687628659e-05,1.69763815019e-05,2.95673207321e-05,3.48110874219e-05,5.09706105857e-05,2.63010330785e-05,3.52330835386e-06,4.8281017247e-05,0.0,1.51762664778e-05,3.99374477667e-05,8.16117079815e-06,2.71804557981e-05,3.63155158054e-05,5.24548978407e-06,5.03590037013e-05,3.02939960247e-05,3.5933300069e-05,2.72633745171e-05,4.92588411082e-05,4.30031655256e-05,1.22550081101e-05,2.99704884973e-05,5.86799740677e-05,3.26630926151e-05,-2.86062923663e-05
ACN,2.24168442588e-05,2.00687628659e-05,7.70188141564e-05,1.4812920926e-05,1.84576585261e-05,2.20121585763e-05,3.1630342211e-05,2.34704276819e-05,6.31961629829e-06,2.46932184199e-05,0.0,1.61021759585e-05,1.86396580689e-05,9.82210059746e-06,1.74853479403e-05,1.97535823294e-05,2.88556734614e-05,3.98744672529e-05,1.81703983426e-05,1.37742670448e-05,9.31385638137e-06,1.757589011e-05,1.06855468803e-05,1.18460272263e-05,1.7566531146e-05,2.05705492748e-05,1.44031521376e-05,-1.70777415123e-05
XLV,2.24003573244e-05,1.69763815019e-05,1.4812920926e-05,2.95503644832e-05,1.77169532402e-05,1.68051181566e-05,1.91046281834e-05,1.54673999675e-05,1.25320820369e-05,2.19005645081e-05,0.0,7.80275060403e-06,1.55348921836e-05,9.890054331e-06,1.39178524479e-05,1.04131928466e-05,2.58350919582e-05,2.37807116245e-05,1.56353460972e-05,4.11755063566e-05,2.58425057321e-05,1.71125005267e-05,1.62789654554e-05,1.03404755923e-05,1.7791390226e-05,2.35916012211e-05,1.16777722458e-05,-1.56994004825e-05
IAI,2.88637201104e-05,2.95673207321e-05,1.84576585261e-05,1.77169532402e-05,8.04227426115e-05,1.28438103199e-05,2.2784169589e-05,3.09610509325e-05,2.90555323916e-06,2.56480338642e-05,0.0,-1.28108410525e-05,3.64686044303e-05,1.93156002809e-05,3.11009564606e-05,2.21078480378e-05,4.06642084293e-05,2.8507185288e-05,5.46710473756e-05,3.6805632188e-05,2.92396658104e-05,3.57749720607e-05,1.92032682971e-05,-3.97038485387e-06,3.07414711578e-05,2.43109614763e-05,9.21870990972e-06,-2.8916146576e-05
ICLR,1.97192921072e-05,3.48110874219e-05,2.20121585763e-05,1.68051181566e-05,1.28438103199e-05,0.000194192762659,1.53331845126e-05,1.74358758386e-05,2.107648134e-05,3.25202500939e-05,0.0,7.57388017944e-07,1.98262279257e-05,2.42461794188e-05,1.10131529633e-05,1.72179699534e-05,1.51481908709e-05,7.04581880389e-05,1.1638675824e-05,4.07883662028e-06,8.24613526173e-06,2.55573240642e-05,2.77639509761e-05,7.9543462319e-06,8.75242748995e-06,2.03163786188e-05,1.23497542817e-05,-1.64530777572e-05
MSFT,5.13989803839e-05,5.09706105857e-05,3.1630342211e-05,1.91046281834e-05,2.2784169589e-05,1.53331845126e-05,6.80410488915e-05,2.63070432749e-05,1.17375607497e-05,4.45605206517e-05,0.0,1.6158581943e-05,2.70363271384e-05,8.12848090138e-06,2.33074974153e-05,3.06696854415e-05,1.98201393092e-05,5.4904060499e-05,2.54510294432e-05,2.31815767188e-05,1.72799211308e-05,3.31330643602e-05,2.84432036179e-05,5.11625485843e-06,2.85506166075e-05,5.31456205572e-05,1.9889833705e-05,-2.42681009242e-05
PPA,2.57099684636e-05,2.63010330785e-05,2.34704276819e-05,1.54673999675e-05,3.09610509325e-05,1.74358758386e-05,2.63070432749e-05,3.44887000867e-05,4.54147885118e-06,2.7876022675e-05,0.0,7.53043443558e-06,2.50315836105e-05,1.26440099306e-05,1.76880787215e-05,2.39289474226e-05,2.60759547349e-05,3.45137885379e-05,2.64362535518e-05,1.65838625811e-05,2.16093954423e-05,2.36491733562e-05,1.58757879152e-05,7.80776492724e-06,2.07054459948e-05,2.6187013779e-05,9.79635497146e-06,-1.98175474704e-05
SONVY,6.53027911004e-06,3.52330835386e-06,6.31961629829e-06,1.25320820369e-05,2.90555323916e-06,2.107648134e-05,1.17375607497e-05,4.54147885118e-06,0.000112556237357,7.81165505626e-06,0.0,1.01870442007e-05,8.92057914915e-06,4.33549590093e-06,2.7357128497e-05,6.35596312826e-06,1.37276773462e-05,1.44448480572e-06,7.39864245782e-06,9.09820868522e-06,7.6050328298e-06,1.32059625839e-05,1.01838209182e-05,3.39201090665e-05,3.31739636202e-05,1.92837254092e-05,2.85515031326e-05,-6.72762023136e-06
PCLN,5.37004953491e-05,4.8281017247e-05,2.46932184199e-05,2.19005645081e-05,2.56480338642e-05,3.25202500939e-05,4.45605206517e-05,2.7876022675e-05,7.81165505626e-06,0.000116303527805,0.0,1.39978436148e-05,1.14280456332e-05,3.52851070047e-06,3.22790060912e-05,3.38693204046e-05,1.73194601911e-05,5.55070973431e-05,3.06143444688e-05,3.33375266465e-05,1.45865548105e-05,3.16341787227e-05,3.00192423902e-05,1.74883157209e-05,3.27853601554e-05,5.16838836294e-05,1.85505752531e-05,-2.27191176349e-05
$US,0.0,0.0,0.0,0.0,0.0,0.0,0.0,0.0,0.0,0.0,0.0,0.0,0.0,0.0,0.0,0.0,0.0,0.0,0.0,0.0,0.0,0.0,0.0,0.0,0.0,0.0,0.0,0.0
AMT,8.90887990356e-06,1.51762664778e-05,1.61021759585e-05,7.80275060403e-06,-1.28108410525e-05,7.57388017944e-07,1.6158581943e-05,7.53043443558e-06,1.01870442007e-05,1.39978436148e-05,0.0,7.86465417844e-05,8.17530799519e-06,6.02141650045e-07,9.85556647471e-06,8.82750361427e-06,-8.50018767771e-06,2.07644110524e-05,-3.48427794814e-06,-1.83390515936e-06,1.00009889221e-05,9.76249210502e-06,8.12129096512e-06,1.72392936031e-05,9.66567592709e-06,8.70949780728e-06,1.50445556787e-05,-4.5357089491e-06
GRMN,1.67745344844e-05,3.99374477667e-05,1.86396580689e-05,1.55348921836e-05,3.64686044303e-05,1.98262279257e-05,2.70363271384e-05,2.50315836105e-05,8.92057914915e-06,1.14280456332e-05,0.0,8.17530799519e-06,9.46578587408e-05,1.37341369844e-05,1.85624320021e-05,2.35001699063e-05,3.68002995035e-05,2.25388603829e-05,2.79287937379e-05,1.9147370313e-05,2.4272503692e-05,2.23283831165e-05,1.7317390492e-05,-4.95219117146e-06,2.19276327178e-05,1.94672755459e-05,9.45525602786e-06,-2.26195443832e-05
SAFM,-6.50521008145e-06,8.16117079815e-06,9.82210059746e-06,9.890054331e-06,1.93156002809e-05,2.42461794188e-05,8.12848090138e-06,1.26440099306e-05,4.33549590093e-06,3.52851070047e-06,0.0,6.02141650045e-07,1.37341369844e-05,0.000224132994288,1.1738223592e-05,1.68514443416e-05,6.29015834676e-06,2.6552562807e-05,1.20328819656e-05,1.0604007628e-05,-4.91294217448e-09,5.76086548292e-06,2.6831273158e-07,3.01559704717e-06,1.39666716037e-05,1.66028059082e-05,1.01600721009e-08,-1.10157083607e-05
EWO,2.20447563607e-05,2.71804557981e-05,1.74853479403e-05,1.39178524479e-05,3.11009564606e-05,1.10131529633e-05,2.33074974153e-05,1.76880787215e-05,2.7357128497e-05,3.22790060912e-05,0.0,9.85556647471e-06,1.85624320021e-05,1.1738223592e-05,7.30081162681e-05,1.69391465953e-05,1.29260875682e-05,2.63023648372e-05,4.00255478759e-05,1.86975295786e-05,9.14013875867e-06,3.13276091534e-05,2.57961542502e-05,1.95528049643e-05,5.47253631014e-05,2.74763712198e-05,3.22083072225e-05,-1.86969916817e-05
INTC,2.1445825857e-05,3.63155158054e-05,1.97535823294e-05,1.04131928466e-05,2.21078480378e-05,1.72179699534e-05,3.06696854415e-05,2.39289474226e-05,6.35596312826e-06,3.38693204046e-05,0.0,8.82750361427e-06,2.35001699063e-05,1.68514443416e-05,1.69391465953e-05,7.81379466616e-05,1.36578358466e-05,4.34809842061e-05,2.3895731022e-05,1.83598392964e-05,1.16677295046e-05,2.16199733138e-05,1.54102412548e-05,1.52214309018e-05,2.35605576441e-05,3.26747457203e-05,1.56395699185e-05,-1.90833844259e-05
LPX,1.37853956164e-05,5.24548978407e-06,2.88556734614e-05,2.58350919582e-05,4.06642084293e-05,1.51481908709e-05,1.98201393092e-05,2.60759547349e-05,1.37276773462e-05,1.73194601911e-05,0.0,-8.50018767771e-06,3.68002995035e-05,6.29015834676e-06,1.29260875682e-05,1.36578358466e-05,0.000194230548568,8.30940857849e-06,2.68192258949e-05,3.66694181215e-05,2.14929688164e-05,1.75394312642e-05,1.22448575432e-05,2.61621029479e-06,1.64094274159e-05,2.44788352992e-05,9.41423929131e-06,-2.33610875655e-05
PYPL,6.36229694103e-05,5.03590037013e-05,3.98744672529e-05,2.37807116245e-05,2.8507185288e-05,7.04581880389e-05,5.4904060499e-05,3.45137885379e-05,1.44448480572e-06,5.55070973431e-05,0.0,2.07644110524e-05,2.25388603829e-05,2.6552562807e-05,2.63023648372e-05,4.34809842061e-05,8.30940857849e-06,0.000176584004251,2.85012956937e-05,2.0469048853e-05,1.97670144659e-05,3.50694063299e-05,3.35572155994e-05,1.62971708083e-05,2.90851794166e-05,6.83798444445e-05,2.23619091505e-05,-2.87990013028e-05
IXG,2.4244340474e-05,3.02939960247e-05,1.81703983426e-05,1.56353460972e-05,5.46710473756e-05,1.1638675824e-05,2.54510294432e-05,2.64362535518e-05,7.39864245782e-06,3.06143444688e-05,0.0,-3.48427794814e-06,2.79287937379e-05,1.20328819656e-05,4.00255478759e-05,2.3895731022e-05,2.68192258949e-05,2.85012956937e-05,5.24835015724e-05,2.92550535558e-05,1.95972864713e-05,3.44138373049e-05,2.19845818612e-05,6.70997570811e-06,4.04542319565e-05,2.22868419816e-05,1.33192696004e-05,-2.51264391371e-05
AMGN,3.24656312189e-05,3.5933300069e-05,1.37742670448e-05,4.11755063566e-05,3.6805632188e-05,4.07883662028e-06,2.31815767188e-05,1.65838625811e-05,9.09820868522e-06,3.33375266465e-05,0.0,-1.83390515936e-06,1.9147370313e-05,1.0604007628e-05,1.86975295786e-05,1.83598392964e-05,3.66694181215e-05,2.0469048853e-05,2.92550535558e-05,0.000119929557588,2.81083654114e-05,2.54759774391e-05,2.16465437978e-05,1.12681772323e-05,2.56010188912e-05,3.15364718478e-05,1.88752863591e-05,-2.25579084866e-05
ANTM,2.75971952884e-05,2.72633745171e-05,9.31385638137e-06,2.58425057321e-05,2.92396658104e-05,8.24613526173e-06,1.72799211308e-05,2.16093954423e-05,7.6050328298e-06,1.45865548105e-05,0.0,1.00009889221e-05,2.4272503692e-05,-4.91294217448e-09,9.14013875867e-06,1.16677295046e-05,2.14929688164e-05,1.97670144659e-05,1.95972864713e-05,2.81083654114e-05,0.000109215213716,2.12772944356e-05,1.45665527247e-05,-6.55058119676e-06,1.16979870667e-05,1.78673317544e-05,4.89145788314e-06,-1.81007876924e-05
FXI,3.4134556741e-05,4.92588411082e-05,1.757589011e-05,1.71125005267e-05,3.57749720607e-05,2.55573240642e-05,3.31330643602e-05,2.36491733562e-05,1.32059625839e-05,3.16341787227e-05,0.0,9.76249210502e-06,2.23283831165e-05,5.76086548292e-06,3.13276091534e-05,2.16199733138e-05,1.75394312642e-05,3.50694063299e-05,3.44138373049e-05,2.54759774391e-05,2.12772944356e-05,8.42486074847e-05,4.94148665707e-05,3.42734369711e-06,3.02159177583e-05,4.71890728263e-05,2.90955184456e-05,-2.37930064928e-05
EWT,3.10871508083e-05,4.30031655256e-05,1.06855468803e-05,1.62789654554e-05,1.92032682971e-05,2.77639509761e-05,2.84432036179e-05,1.58757879152e-05,1.01838209182e-05,3.00192423902e-05,0.0,8.12129096512e-06,1.7317390492e-05,2.6831273158e-07,2.57961542502e-05,1.54102412548e-05,1.22448575432e-05,3.35572155994e-05,2.19845818612e-05,2.16465437978e-05,1.45665527247e-05,4.94148665707e-05,5.83235253827e-05,-3.40399356708e-06,2.50586785433e-05,3.54468128321e-05,2.12117873504e-05,-1.79379640998e-05
RHHBY,1.48835693962e-05,1.22550081101e-05,1.18460272263e-05,1.03404755923e-05,-3.97038485387e-06,7.9543462319e-06,5.11625485843e-06,7.80776492724e-06,3.39201090665e-05,1.74883157209e-05,0.0,1.72392936031e-05,-4.95219117146e-06,3.01559704717e-06,1.95528049643e-05,1.52214309018e-05,2.61621029479e-06,1.62971708083e-05,6.70997570811e-06,1.12681772323e-05,-6.55058119676e-06,3.42734369711e-06,-3.40399356708e-06,0.000108958868541,2.68199810919e-05,1.7314874736e-05,2.41227286658e-05,-6.88196130189e-06
EZU,2.7730100077e-05,2.99704884973e-05,1.7566531146e-05,1.7791390226e-05,3.07414711578e-05,8.75242748995e-06,2.85506166075e-05,2.07054459948e-05,3.31739636202e-05,3.27853601554e-05,0.0,9.66567592709e-06,2.19276327178e-05,1.39666716037e-05,5.47253631014e-05,2.35605576441e-05,1.64094274159e-05,2.90851794166e-05,4.04542319565e-05,2.56010188912e-05,1.16979870667e-05,3.02159177583e-05,2.50586785433e-05,2.68199810919e-05,6.15090476726e-05,2.81543195562e-05,3.26751311769e-05,-2.08373695405e-05
EBAY,6.08116495108e-05,5.86799740677e-05,2.05705492748e-05,2.35916012211e-05,2.43109614763e-05,2.03163786188e-05,5.31456205572e-05,2.6187013779e-05,1.92837254092e-05,5.16838836294e-05,0.0,8.70949780728e-06,1.94672755459e-05,1.66028059082e-05,2.74763712198e-05,3.26747457203e-05,2.44788352992e-05,6.83798444445e-05,2.22868419816e-05,3.15364718478e-05,1.78673317544e-05,4.71890728263e-05,3.54468128321e-05,1.7314874736e-05,2.81543195562e-05,0.000133450819097,3.11292316548e-05,-2.46923222081e-05
UL,2.31294583679e-05,3.26630926151e-05,1.44031521376e-05,1.16777722458e-05,9.21870990972e-06,1.23497542817e-05,1.9889833705e-05,9.79635497146e-06,2.85515031326e-05,1.85505752531e-05,0.0,1.50445556787e-05,9.45525602786e-06,1.01600721009e-08,3.22083072225e-05,1.56395699185e-05,9.41423929131e-06,2.23619091505e-05,1.33192696004e-05,1.88752863591e-05,4.89145788314e-06,2.90955184456e-05,2.12117873504e-05,2.41227286658e-05,3.26751311769e-05,3.11292316548e-05,8.39069290179e-05,-1.27898790869e-05
SH,-2.45965142614e-05,-2.86062923663e-05,-1.70777415123e-05,-1.56994004825e-05,-2.8916146576e-05,-1.64530777572e-05,-2.42681009242e-05,-1.98175474704e-05,-6.72762023136e-06,-2.27191176349e-05,0.0,-4.5357089491e-06,-2.26195443832e-05,-1.10157083607e-05,-1.86969916817e-05,-1.90833844259e-05,-2.33610875655e-05,-2.87990013028e-05,-2.51264391371e-05,-2.25579084866e-05,-1.81007876924e-05,-2.37930064928e-05,-1.79379640998e-05,-6.88196130189e-06,-2.08373695405e-05,-2.46923222081e-05,-1.27898790869e-05,1.93378062673e-05
