,AGN,AXP,VSAT,AXS,EGN,JWN,PAG,TAP,BC,UAL,LYB,KHC,WTM,LPX,PEP,GPC,HRL,GE,T,HAS,LVLT,GPS,MAS,VIA,VRSK,SNA,XRAY,LAZ,JNJ,APD,CXO,AES,BEN,KSS,FLS,SKX,AMAT,COLM,SWKS,CRI,HD,ARNC,LLY,NWS,RTN,AMD,PCLN,NWL,FSLR,PM,GRMN,S,QCOM,FTI,NFX,MD,AVT,MO,MDLZ,UHS,MS,JLL,NUAN,ETR,KMB,MUR,HAIN,AMGN,KMI,GWW,OTEX,GWR,LUK,WPX,SEE,SLB,WHR,LNG,CASY,MDT,UNP,F,CA,WAB,SJM,FCNCA,ADM,TRIP,ALKS,LEG,LMT,VMC,MMM,CMCSA,LOW,CVX,AAL,CVS,CAH,BAC,PDCO,DISH,DIS,TGT,TWTR,CL,SON,CELG,RPM,HOG,INTC,M,MLM,Y,XOM,STX,HPE,NKE,CSCO,HHC
AGN,1.0,0.0867325952424,0.129385044248,0.114513045839,-0.0706988891448,0.101498225658,0.113762401423,0.120370685023,0.0745193435344,0.0937934582963,0.13730727135,0.139310721079,0.0306089005036,0.255515687237,0.0826873734536,0.115689488111,0.195075165087,0.0810208476405,0.0181424846239,0.130813949988,0.0636985036216,0.091721954689,0.200764143135,0.135782534172,0.235529091039,0.106432659724,0.30601230988,0.0960889042683,0.219396342747,0.158785474889,-0.0846544442124,0.0690747260555,0.240125777674,0.0760460141769,0.0505644115253,0.127936175954,0.0370290222371,0.0548355553789,0.0893469394071,0.109733779764,0.0258476808019,0.0965299174637,0.291740670487,0.247994314947,0.0508115347169,0.0627272845738,0.297751851337,-0.000818274707939,0.0350046333231,0.0951704397645,0.174854927635,0.0207702328656,0.0574104743813,-0.105801114004,-0.09631429512,0.172810326332,0.141266068646,0.0896632774936,0.067404027723,0.114353112144,0.0611672174753,0.276322089977,0.0549475999926,0.127765876309,0.0880681864156,-0.0947903206451,0.102797250424,0.369428397801,0.205917384418,0.0821221438688,0.175781871007,0.0789517437747,0.0648375259353,-0.148353311462,0.037337874241,-0.0493283510174,0.178492363688,0.182706931703,0.115110605624,0.341625744197,0.097968789943,0.0809131321379,0.274348943901,-0.0072774727334,0.103359030004,0.15743574087,0.0707530445132,-0.037048631907,0.355047316405,0.122224178528,0.0865583339095,0.142714597929,0.175385373647,0.0382718504696,0.0739585263022,-0.0709784174054,0.0543855323897,0.244942396793,0.30702593464,0.00833668339849,0.38722931693,0.140825559737,0.136785858478,-0.0631149578357,0.164184290864,0.0526724440655,0.0621845813489,0.428703593928,0.0722234276194,0.189376617951,0.0483648850259,0.119272112885,0.162261271161,0.173116427604,0.0941550404822,0.05820116135,0.0644421147059,0.0916910441167,0.214966555669,0.156742239076
AXP,0.0867325952424,1.0,0.318399625797,0.400451036685,0.126985652309,0.158069791095,0.351998437366,0.0731628283725,0.396774937135,0.346004136967,0.408535216938,0.0797051218405,0.0896645474027,0.25186871533,0.0943625911714,0.191467698883,0.0654451579356,0.222394343584,0.205613461061,0.312434906667,0.139804320149,0.283852402782,0.308739520934,0.0372142156277,0.270940397748,0.447900369712,0.166274866128,0.463243611475,0.243632823991,0.382853484922,0.138751137433,0.0896669316764,0.492325741286,0.304269768688,0.217061487186,0.250615466706,0.29322624556,0.340154485919,0.365170891179,0.33650910945,0.201345074062,0.304072145024,0.136351217423,0.437621135371,0.233316988984,0.194479994366,0.221982015773,0.223497887266,0.124483894702,-0.0457387842126,0.292076641229,0.22477801359,0.327484362171,0.0943416780241,0.172653190839,-0.077022675564,0.458255555143,-0.0450041574794,0.15197612649,0.164071189334,0.535026805335,0.388299729582,0.31021254796,-0.0399077930132,0.0123813065993,0.171862017778,0.0730132634055,0.31442673866,0.15044145493,0.163828349103,0.26033019115,0.392084763839,0.494686301865,0.13842841416,0.227847103561,0.158938274756,0.352654489372,0.169399908525,0.0398022789723,0.268400775929,0.376893294834,0.426309974846,0.167584422779,0.220233065585,0.0584834521888,0.463556612765,0.193661294614,0.181283497433,0.169557209214,0.3003873435,0.315247730051,0.292584095798,0.230789557152,0.222951167216,0.227253817794,0.22298427933,0.382193782864,0.255469914535,0.220051532611,0.562598187528,0.266502266125,0.182245507417,0.217204096812,0.137099305395,0.201740740606,-0.0408376164117,0.4117963849,0.282474747977,0.41116407761,0.104504412024,0.348850300993,0.28137901984,0.303538040194,0.371342200325,0.194664490667,0.0947291261458,0.182081866275,0.195245498766,0.341946667029,0.154171568874
VSAT,0.129385044248,0.318399625797,1.0,0.22538646587,0.131953352353,0.168724030821,0.20446453812,0.187961367462,0.314831520425,0.211007721273,0.228525856004,0.22154989511,0.107188642132,0.175054580941,0.163537208689,0.172565906192,0.152686893804,0.0980330560848,0.181970681645,0.283824057226,0.251074928843,0.213496572315,0.323374084446,-0.00195125098405,0.270732507626,0.195956015621,0.386846701631,0.273508823507,0.0926070738816,0.309603031388,0.106250836786,0.269578175778,0.30710459499,0.193131863986,0.235775124934,0.144554383171,0.27456619514,0.25548662128,0.272357408441,0.290179724395,0.0758130090195,0.268640397851,0.0521039051674,0.309479148615,0.0171238848153,0.133021035261,0.396636783542,0.163612259701,0.202135433512,0.124388798412,0.279726867188,0.229294651232,0.190377134633,0.0991875846405,0.0838915938602,0.171236243163,0.354196059484,0.10913523067,0.216664716178,0.0597379375486,0.308852704912,0.24872089077,0.325484441151,0.13546714843,0.17698921561,0.0934461639663,0.136587298854,0.221111327983,0.205769023465,0.081735856726,0.310623225875,0.221737398401,0.276095929422,0.15145516087,0.216140615507,0.0862503077266,0.238701968016,0.186450526202,0.287878008618,0.180588521297,0.263761199164,0.102439473536,0.14588116686,0.0742134339673,0.107593210257,0.295550743316,0.161745028883,0.0282755254741,0.199152703962,0.297193429338,0.10080012604,0.223199591488,0.0832844943677,0.185831852036,0.0653751541799,0.10377858257,0.259720945971,0.121264389467,0.191573692189,0.285988345178,0.267724358355,0.105317028724,0.201365829542,0.175244778785,0.116262559363,0.208393674999,0.281250216569,0.226086803968,0.249609736495,0.0509573911127,0.298589594371,0.15925748605,0.20369592021,0.210465815237,0.0667987278224,0.0607796418961,0.127136524297,0.0244862007608,0.290980992085,0.28791835496
AXS,0.114513045839,0.400451036685,0.22538646587,1.0,0.201051308445,0.123745024793,0.26397151296,0.18807575507,0.260227515965,0.298891550663,0.29035858898,0.102364454953,0.297519763547,0.0250909693723,-0.0317267398754,0.193309672364,0.0953493689544,0.260058809973,0.241355100249,0.262728008817,0.129535579426,0.183670922184,0.274369025203,0.0800178483925,0.149938283453,0.17025001475,0.142367570878,0.370615688521,0.0937412541771,0.366363962457,0.048023042361,0.207266553666,0.416432203213,0.15574395825,0.201996292476,0.299367041694,0.133343584268,0.205312018479,0.120286256086,0.250039890532,0.0156542908451,0.298417417147,0.0517713887214,0.192345392941,0.15366107573,0.0735644873755,0.148172855187,0.152295686964,0.099677381822,-0.0156127891779,0.250547554881,0.0851116065439,0.270215008734,0.0457192280607,0.139905807204,0.224097374273,0.326023223303,0.00892129376996,0.141909747356,0.14206287198,0.470908973468,0.277404426494,0.198372184849,0.0515776405411,0.077359119277,0.0301930043138,0.0919344010122,0.247706196956,0.247456838097,0.213363253392,0.225285036397,0.266132076457,0.460764145177,0.0899195981752,0.249886639493,0.0295984693001,0.289233303265,0.0473523252065,0.0984987997215,0.211247208964,0.328525851703,0.224737402874,0.125867843427,0.152830583993,0.0554876442636,0.460786262313,0.139345447981,-0.0810156464762,0.129950349381,0.479552912687,0.177034212769,0.123309128042,0.208933516755,0.283571674708,0.109784582622,0.131826896848,0.355173259246,0.0708115789943,0.138481960207,0.452998512287,0.276142922174,0.197547415833,0.26005721136,0.0452832623348,0.137655953859,0.0181643737484,0.257866694959,0.0953516642426,0.235707940528,0.180692117269,0.248397721455,0.210168424194,0.125463673439,0.730770160601,0.076504646496,0.0227716847165,0.23689741733,0.100766634274,0.204854479646,0.217358308988
EGN,-0.0706988891448,0.126985652309,0.131953352353,0.201051308445,1.0,0.110679944779,0.197841765592,0.245295037796,0.167901218017,0.00869238739151,0.452605871783,-0.00314166999997,0.183261867573,0.175730406374,-0.00167030374982,0.264412787993,0.201759539207,0.169803637541,0.188524724506,0.0657278027604,0.260345155401,0.255528433775,0.20697943705,0.0279088590814,0.139950906357,0.261807895548,0.112864628291,0.244171202959,-0.0146525478215,0.337318649025,0.706239113489,0.248035604959,0.196242699891,0.138085384944,0.400661779613,0.196478293918,0.053230700674,0.18903467408,0.0518840497194,0.138890656653,0.0802097474893,0.288744040383,-0.0924932417504,0.281361438446,0.0832873356694,0.00995819094813,0.0175994693231,0.103364446089,0.0889892559951,0.115126960609,0.185092589724,0.0303559559911,0.146200342109,0.527760242999,0.730445458623,0.164389877602,0.327400940994,-0.0225918945588,0.113213519553,0.104691490844,0.258137561657,0.170997830005,0.15526670575,0.0738199083025,0.0755590891429,0.652656116186,0.0956982454971,0.000248194403486,0.437636850543,0.168037975478,0.236378441026,0.304075867032,0.27782535124,0.751851105374,0.204399444208,0.606585355674,0.0777048618844,0.483132454197,0.148914735184,-0.0375041923568,0.188255010999,0.265636998142,-0.154395986311,0.131192767322,0.105902901732,0.236483322964,0.0970851795977,0.164066186459,0.0974680595668,0.126187332253,0.00155161696591,0.136135408061,-0.139431087632,0.110766360286,0.215023545139,0.53827344704,0.0976209919303,0.137131368982,0.185133582912,0.257006564623,0.1051250121,0.248320195515,0.149535646061,0.204419033221,-0.0924594016883,0.0477834135299,0.26529086646,-0.0496279374844,0.267935828013,0.100394851963,0.0102896675358,0.0947608744476,0.157617159108,0.1388718036,0.356678059966,-0.0112094354154,0.234046573968,0.0258758412324,0.0514926261036,0.243635966078
JWN,0.101498225658,0.158069791095,0.168724030821,0.123745024793,0.110679944779,1.0,0.304951579279,-0.157817083823,0.310769929136,0.152860791999,0.154558235691,-0.0239273466389,0.233545495903,0.233429154745,-0.024572415419,0.291660902153,0.0592391988201,0.252887370497,0.110458437503,0.111733934533,0.190685369269,0.539610335722,0.195820640799,0.12211869421,0.0343099948839,0.166906770733,0.164855568389,0.125042222491,-0.0992115294867,0.145746611682,0.126964200477,0.112830709889,0.233661071217,0.599706252874,0.21951806326,0.225287959361,-0.0190821788541,0.36811349283,0.0421743215061,0.429664425816,0.185246606415,0.0634177745088,0.0961400897707,0.262949325934,0.0138332464575,-0.146733495604,0.0191502383547,0.161993132471,0.133633515502,-0.114165132776,0.165380375135,-0.0476951074652,0.0520533682176,0.216648988169,0.180001937746,0.120588149047,0.170756920766,0.0382122460685,-0.0315077684826,0.153883651695,0.226451636726,0.257551296502,0.162390376275,-0.108485852635,-0.053566707331,0.217622755068,-0.0683250649626,0.0332385128838,0.204782411868,0.204515913539,0.166544239174,0.184984949235,0.185331028814,0.0197456058705,0.110430700023,0.180082674468,0.202594789448,0.00433199598679,0.329967281183,0.109707428327,0.0633509126002,0.281067485483,0.0527247338136,0.152227128725,0.0232130564051,0.297849975689,0.0915745263331,0.121921297064,0.0505932155693,0.296341851174,-0.0196811866655,0.212939353272,-0.0172722646794,0.0706142327428,0.236354332019,0.159244333588,0.276160786008,0.208660563793,0.214769750938,0.235147779461,0.143370476776,0.106432862181,0.135964759595,0.483810609646,0.0478141402325,-0.0438127293479,0.20515244056,0.0753889600474,0.0889630387802,0.318521343208,0.100972004746,0.647575991797,0.19744904374,0.125937540871,0.0836605729663,0.0689339663218,0.141659940871,0.096951701453,0.126333460271,0.0387775005156
PAG,0.113762401423,0.351998437366,0.20446453812,0.26397151296,0.197841765592,0.304951579279,1.0,0.163842634321,0.281312875317,0.206079807975,0.381390942827,0.169734610146,0.208143056741,0.328567579301,0.0173784546536,0.316425692447,0.232249408858,0.251376472356,0.221158051805,0.258855549656,0.30671753232,0.356240270356,0.410827965696,0.10328224899,0.285075368888,0.332209615085,0.178630854199,0.319241002837,-0.0222709886296,0.253377401029,0.175318637627,0.0682062591098,0.386721056848,0.409677530456,0.323009702496,0.249064632275,0.277062750882,0.443606731159,0.289029504142,0.389472297603,0.235312929605,0.147854337839,0.108680511929,0.333263308231,0.195096440458,0.150993663069,0.140054183145,0.138157651783,0.173623879258,-0.0180653148134,0.396936274178,0.204967377332,0.235326027866,0.152435659793,0.262779468619,0.065609001657,0.285272238133,0.0398489258668,0.159323501974,0.163304106326,0.400836389536,0.369841573069,0.206730560652,-0.0975799829987,0.0477681891383,0.176569666476,0.262100537517,0.161764477469,0.269867034571,0.10036455577,0.390124524472,0.362577066069,0.389352823297,0.162748133594,0.206294974248,0.160881649299,0.224819275968,0.129160519305,0.125422211038,0.223602971015,0.354820191661,0.487671701285,0.133774908239,0.162337535445,0.136511324494,0.269954088532,0.17882355619,0.243500510741,0.144871547029,0.256441732307,0.159769116707,0.238433643984,0.0849571881001,0.202319648009,0.270560974343,0.177970657625,0.279739434648,0.343447593334,0.179697526081,0.406670607597,0.257497439115,0.216320688821,0.14677680682,0.304790934972,0.198784132873,-0.000808810696207,0.276118036111,0.137929287662,0.290828225855,0.222508801411,0.205342485529,0.324797820394,0.25777630867,0.224968044282,0.152220813591,0.148775872895,0.159511623147,0.163324408626,0.226409877944,0.228374473485
TAP,0.120370685023,0.0731628283725,0.187961367462,0.18807575507,0.245295037796,-0.157817083823,0.163842634321,1.0,0.0901049297851,0.11918245655,0.193791975464,0.223020416711,-0.0723064969484,0.0429934671474,0.318755780192,0.146361548535,0.132452259805,0.134244813306,0.122575858014,0.171249951091,0.219116135685,0.0812129013795,0.235751003829,0.0544781374608,0.308732088399,0.240234792857,0.0843881306675,0.0472307752895,0.0445159027622,0.219568480154,0.164979342926,0.280238165248,0.147467207775,0.0454727140003,0.218284713727,0.184807545298,0.0451159580923,0.112851445578,0.0959371183614,0.14948081433,0.0978648365827,0.184828227873,-0.0313278184927,0.125620680895,0.0775097615354,-0.0788843218122,0.135958748666,0.191440144684,-0.0549960307693,0.225835549279,0.386196571823,0.363650248924,0.181332430417,0.160530730277,0.111524554526,0.129377896132,0.17128873128,0.170436662633,0.168589147707,0.0990538638779,0.110467818969,0.153492145227,0.19035690012,0.12583659387,0.197503742153,0.184750891322,0.12703577867,0.00780769862176,0.161245679897,-0.0864006042914,0.208554805007,0.234151347262,0.149514394051,0.332021339402,0.266205107814,0.188167077283,0.107174947555,0.242984659691,0.0189450498069,0.192928929605,0.111943703884,0.132513886017,0.00807940084488,-0.0192614511894,0.0730683288015,0.035437523241,0.163415398179,0.203858094862,0.00226078598299,0.12478520855,0.128069400557,0.054431252679,0.133452306703,0.191006334167,0.173909075226,0.151066511995,0.0948630350831,0.070911602069,-0.0838706667559,0.0575968379528,0.152338626569,0.222183972814,0.173345063866,0.0425531638071,-0.0120161189743,0.0736749924761,0.205387005966,0.0134123353332,0.168394654305,0.0126033439023,0.132717319256,0.0276160043771,0.056525711158,0.108501666746,0.0868141049761,0.0108876231241,0.0662791380119,0.0103038467801,0.199506775353,0.134865577782
BC,0.0745193435344,0.396774937135,0.314831520425,0.260227515965,0.167901218017,0.310769929136,0.281312875317,0.0901049297851,1.0,0.340056580362,0.428335516639,0.0510968570063,0.0403304708072,0.337207913841,0.0780099491003,0.241016502824,0.143042702677,0.285764648429,0.0672043814937,0.226402418344,0.123781230101,0.380432657642,0.406602207929,-0.00350906709247,0.205194813768,0.288926678849,0.239220903115,0.398612794798,0.0710982193287,0.342134920004,0.180902598131,0.164629985832,0.439521991328,0.308215200897,0.276404525344,0.398909603503,0.271615342297,0.339744047504,0.210125733,0.324115677823,0.342458388884,0.313344084602,0.159490629345,0.305607702851,0.110902629871,0.178707323577,0.184906148238,0.196371985242,0.193124769328,0.0651028023047,0.345380378398,0.169012984442,0.379790257576,0.165723444263,0.209736642843,0.167706446958,0.467359708579,0.0319423934863,0.126782027919,0.173963498486,0.418390480318,0.377085427553,0.396389691535,-0.116158043458,-0.00830969473418,0.22712620759,0.0745050659837,0.365335485756,0.126261316383,0.148640851777,0.244495346156,0.437078597422,0.376438149185,0.117674300524,0.190810729057,0.198143109074,0.400978668919,0.25535737924,0.146581956152,0.192961051676,0.374206459616,0.39656165457,0.323486904091,0.208878911636,-0.0804919594744,0.392382936841,0.151651787295,0.273440960738,0.312191983953,0.384918345412,0.212473816411,0.2538249344,0.121126414007,0.210009308488,0.388421753191,0.19636896599,0.445880691411,0.212792334054,0.19798534885,0.406707524744,0.289634959013,0.151880248889,0.134202270747,0.225392256946,0.248203668432,-0.0470830811362,0.378664020088,0.326086566867,0.355094450614,0.189310315053,0.174517317893,0.281844529712,0.210979605909,0.19899161718,0.140730310477,0.121029741615,0.205983250011,0.124166303629,0.367181550739,0.173896690328
UAL,0.0937934582963,0.346004136967,0.211007721273,0.298891550663,0.00869238739151,0.152860791999,0.206079807975,0.11918245655,0.340056580362,1.0,0.213006163315,0.142904319394,0.0561058207532,0.131796026473,0.144237249368,0.112571134551,0.0425943769248,0.190727339088,0.0957437153084,0.300329444226,0.103481529361,0.128527905279,0.291166158944,-0.0375741797499,0.150860003418,0.198594402093,0.193405848972,0.33165510516,0.150426168095,0.336141341738,-0.0585183238074,0.0278319776481,0.385960523305,0.174601677235,0.197244107432,0.267151809996,0.335165265366,0.185401987767,0.299866240127,0.221910602509,0.251808315435,0.269193258233,0.0925325694963,0.192275218847,0.208106152795,0.0542636020815,0.292007992503,0.234191428289,0.124516595078,0.1966869858,0.177032200281,0.190135024502,0.360941510361,0.00185541260668,-0.109609454239,0.147988225393,0.195671763086,0.108000521053,0.189723034201,0.288492525368,0.270229139523,0.184428864293,0.307831789243,0.0125621170835,0.002553163372,-0.0674815587557,0.00615700390055,0.261546488674,0.12201783668,0.19857666481,0.215795113988,0.320361859222,0.262057847178,-0.0370657419451,0.12905497289,-0.0371296864425,0.329459275297,0.103611162041,-0.0324461712584,0.235569834628,0.338400954855,0.13811634937,0.186349248487,0.162986852645,0.0406531737599,0.231414135378,-0.0274919140405,0.0464718067686,0.278486175802,0.314228009826,0.278863240516,0.206759006049,0.237338002827,0.196249243105,0.261216964444,0.0291090472436,0.769187399913,0.027721163265,0.283193804177,0.312670374433,0.190422695433,0.203777457418,0.0905429393449,0.0797780258021,0.257677842461,-0.00954251484854,0.29025281061,0.277583089413,0.28057107219,0.188972442014,0.310999418832,0.150979354837,0.233173808959,0.174467712124,0.00510761476853,0.175142710164,0.157147238131,0.0336256202455,0.215639759535,0.108306291056
LYB,0.13730727135,0.408535216938,0.228525856004,0.29035858898,0.452605871783,0.154558235691,0.381390942828,0.193791975464,0.428335516639,0.213006163315,1.0,0.0423814633911,0.190823472612,0.340290259809,0.0326105657413,0.278883309009,0.203591668895,0.141252857709,0.178620460006,0.201815776848,0.0686381919902,0.30200331534,0.329291388513,0.0900177032496,0.339940547611,0.295008342365,0.112584107869,0.361396947387,0.168383387301,0.426360129878,0.330128738638,0.208421251677,0.34576889813,0.340947517356,0.275849807372,0.271529479246,0.212131739935,0.439024931282,0.249571107434,0.285752982063,0.191907335166,0.33408306683,0.188907744298,0.345959109037,0.254320856386,0.119902248405,0.107749148245,-0.0140580522217,0.238637651135,0.108654449675,0.310913048549,0.223756529429,0.230183020221,0.314421937328,0.420158291266,0.046901738176,0.360622264599,-0.0708532105948,0.0549870648024,0.203286635803,0.380107234803,0.411304745852,0.235351034016,0.00806719914045,0.0200380690319,0.474044952472,0.187713726259,0.282701403431,0.424858835448,0.0843432040753,0.19122689693,0.537973849338,0.394048587308,0.378918923993,0.0633049245639,0.414275974105,0.202279097215,0.363896555593,0.162458469829,0.145698777482,0.514927228133,0.331263628221,0.142166806588,0.194497185996,0.0574742410509,0.379316420413,0.17273301797,0.200171121753,0.243486376645,0.19650746838,0.279104924262,0.234611558593,0.158731848852,0.250577921072,0.211709830328,0.425959866802,0.301459311973,0.212074173709,0.180712906045,0.403962737018,0.232879335161,0.231533123034,0.222433381391,0.141361002266,0.127078496834,-0.0493594424041,0.341760965599,0.241394910085,0.372392288928,0.23831522591,0.308986771972,0.203725676655,0.280141822783,0.244055305357,0.273601405914,0.131003395957,0.270590159419,0.121915961457,0.277112311125,0.163441914976
KHC,0.139310721079,0.0797051218405,0.22154989511,0.102364454953,-0.00314166999997,-0.0239273466389,0.169734610146,0.223020416711,0.0510968570063,0.142904319394,0.0423814633911,1.0,0.0622080330344,0.0301637186626,0.507531755238,0.183727394665,0.426845198456,0.0937783366595,0.155741459016,0.145526326372,0.198889354006,0.0246805973289,0.187058869213,-0.0477673588339,0.205277415488,0.0639666736479,0.0390952701024,0.0187670659137,0.104228303153,0.157807804403,-0.0294281707877,0.166237784801,0.133461735305,0.0521923442764,0.0705817548205,0.0758093586161,0.232684999228,0.0169972173402,0.29176533233,0.0464466069927,0.180521326112,0.122427192404,0.128967305084,0.174719026995,0.130595209669,0.073393213736,0.157858634839,0.0686457911095,0.0107529781522,0.328197387409,0.215661771033,0.0471330275286,0.172493538318,0.0228891116473,-0.0775819711593,-0.000298218274166,0.093491181635,0.247547664258,0.647363091177,-0.0381247565858,0.0432872824985,0.050051213201,0.177225203469,0.285245634294,0.343789940791,-0.0384313340428,0.273505974191,0.194492600456,0.0872530336545,-0.136075905404,0.191842274248,0.111837419647,0.001900512071,0.0236010344679,0.178682756874,0.0180171017466,-0.0415277512733,0.00600390523022,0.20107414573,0.134058097122,0.103764080227,0.118043335937,0.124416206674,-0.0913733612395,0.538521465373,-0.0441514159823,0.283707128772,0.0234960883521,0.0629446315418,0.157189095023,0.153518954232,0.0341440688272,0.0890018812233,0.246419221613,0.139488752191,-0.0251456765586,0.150615540613,0.31633634092,-0.00641128007068,-0.00156680728358,0.15140575203,0.110424881102,0.117091731202,0.106991586197,0.0156990803301,0.301092852065,0.135728468676,0.157324024004,0.157355736587,0.00962220607622,0.290923627024,0.0271434948015,0.108031863467,0.0745517287205,0.0774547843875,0.0960120500929,0.0894702449272,0.136135190348,0.186394658118,0.0878004651383
WTM,0.0306089005036,0.0896645474027,0.107188642132,0.297519763547,0.183261867573,0.233545495903,0.208143056741,-0.0723064969484,0.0403304708072,0.0561058207532,0.190823472612,0.0622080330344,1.0,0.106076444206,-0.0414179468453,0.251360864661,0.065918387231,0.0966548071013,-0.0992225714112,0.119630110094,-0.0187215811738,0.147172124299,0.0819154298281,0.170433915832,-0.0739287246929,0.0563648109555,0.168032509429,0.132896571164,-0.034139148127,0.101855617482,0.0767654936696,0.170945809071,0.118227118067,0.118593592152,0.0889042971411,0.130751571665,-0.123612708527,0.138735579882,-0.0727926711423,0.111917762195,0.087533301891,0.0797634941468,-0.120567731013,0.0477407827505,0.0229218412703,0.00363603428874,-0.00785203260692,0.0951977432191,0.163723016117,-0.088269916643,0.0222083540368,-0.148971809568,0.0520754471857,0.0514687139394,0.19654765613,0.165590202642,0.159500639936,-0.104559003816,0.0699260260038,0.187943591836,0.0857870010667,0.00773449722593,0.0140569914134,0.0409436140061,0.0833369541875,0.125262427558,0.0577018436097,0.0562061331804,0.10408096424,0.0120684145535,-0.0612212301843,0.158921777154,0.0716906107054,0.109429085173,0.0760957450516,0.0519289979322,0.152299883944,-0.00956126138167,0.126475998174,-0.00942120923963,0.0884773842797,0.218812632392,0.103862524033,0.0829166435025,0.0854555255261,0.197487574567,0.0906687330403,-0.0442932439164,0.0201628460514,0.136271040784,0.0194886170088,-0.0165243607823,-0.0118247479653,-0.0210667889839,0.0178768191555,0.0899289101135,0.141097172971,0.201411638833,0.0147611753136,0.104690662845,0.198115506743,-0.136169014373,0.0601952708947,0.132616336294,0.0352714607197,0.0449068736648,0.148333300013,-0.0909706793012,0.130830447073,0.0319127829473,-0.0278570454854,0.105584258913,-0.00209329931867,0.337145534703,0.0333262703472,-0.0608967801187,-0.0248500227873,0.0305971637007,0.0647318121523,0.102672620236
LPX,0.255515687237,0.25186871533,0.175054580941,0.0250909693723,0.175730406374,0.233429154745,0.328567579301,0.0429934671474,0.337207913841,0.131796026473,0.340290259809,0.0301637186626,0.106076444206,1.0,0.107554968053,0.195051070981,0.126453347736,0.290923313748,0.0868819672859,0.11189346084,0.181502687912,0.242861429163,0.418170823999,0.0822599998276,0.172249433294,0.302335115062,0.22606610889,0.277446099564,0.146294597146,0.139627674452,0.132398385616,0.124367719571,0.288984459353,0.210025788685,0.258647847977,0.123214004103,0.152323341265,0.162660251219,0.12582208061,0.164026332231,0.221448593748,0.310740187897,0.148970700862,0.288291342943,0.0577775273309,0.190091139186,0.10490337667,-0.0575230209,0.0848947796687,0.112253277448,0.281439768,0.0407925486474,0.235397025326,0.19804498161,0.276200115863,0.18881072148,0.313320510037,0.0814368567483,0.103209115767,0.106673791658,0.286710132624,0.153036484471,0.228753203541,-0.0717970877683,0.0779589194895,0.290728782602,0.0604762350341,0.257357105702,0.225909880087,0.130728257511,0.192845915411,0.342738117953,0.247854457291,0.160313911538,0.156916038035,0.208665429345,0.197600698325,0.189916192739,0.150286575979,0.225507926525,0.287916552664,0.397527737823,0.133783818022,0.258889104982,0.0140532967622,0.22742864604,0.0965576514632,0.18590472182,0.25080995341,0.24973574772,0.120546931906,0.314676042533,0.196369913537,0.0265978197226,0.337438162049,0.201921386429,0.192049606395,0.19473257,0.150592783492,0.262888590837,0.297301407764,0.00406854299508,-0.00332833952008,0.0736280014031,0.0699477253817,0.0414703184859,0.297079341396,0.369593244084,0.28364774592,0.327581364664,0.124764086497,0.1596884051,0.27937662017,0.145793312431,0.260388430602,0.171003545529,0.154413702261,0.0577746521738,0.214806576321,0.15340904188
PEP,0.0826873734536,0.0943625911714,0.163537208689,-0.0317267398754,-0.00167030374982,-0.024572415419,0.0173784546536,0.318755780192,0.0780099491003,0.144237249368,0.0326105657413,0.507531755238,-0.0414179468453,0.107554968053,1.0,0.0489130721597,0.234209283636,0.0697468999559,0.220849216754,0.19803775985,0.00301785610516,0.0304920470002,0.120452265092,-0.0419693453924,0.294654207691,0.0309844507906,0.0580158871354,0.0236602711046,0.282954144622,0.137016615008,-0.0352050063178,0.337249427429,0.126281458067,0.0782605882574,0.0669656817812,0.101417978598,0.0952663914209,0.0220840508184,0.109690937366,0.147406047221,0.0609906892768,0.0479067424514,0.0283316368269,0.247349403736,0.120833860539,-0.00186870928286,0.147053312338,0.152934467894,-0.0118618000577,0.508370997342,0.0894993116692,0.091588994779,0.109593539114,0.046135149023,-0.0426322083704,0.0605885587356,0.0707366517269,0.337335516685,0.440298702254,-0.0109251838224,-0.0237352416517,0.0256592081559,0.116029206483,0.378511737516,0.448078186877,-0.0158105289092,0.164262530675,0.0775303213856,0.0984072713478,-0.149728711651,0.188906941571,0.03555569118,-0.112534407393,-0.0183628613791,0.244891328311,0.00994354264435,-0.0570646306552,0.0356659703586,0.137449324161,0.197473701162,0.0194313630301,0.00586117425356,0.0641743305726,-0.047582807644,0.28425195799,-0.0935066003697,0.238759382438,0.0233163656068,0.128680832861,0.0394849584058,0.165779416953,-0.0242268073065,0.244509617195,0.0168925285503,0.0838248955017,0.0719871985857,0.160691312821,0.17928515476,-0.0235187870551,-0.0653956898061,0.148822064037,0.0367616940839,0.00303544739177,0.0326582288793,-0.0956259195048,0.33508386093,0.135338388542,0.160604442949,0.178458214512,-0.00945107561012,0.128335124976,0.0316486588468,0.0470071953434,-0.0758040760722,0.118615307214,0.0988476593371,0.0602724892343,0.107201686356,0.169862669266,0.0473945950626
GPC,0.115689488111,0.191467698883,0.172565906192,0.193309672364,0.264412787993,0.291660902153,0.316425692447,0.146361548535,0.241016502824,0.112571134551,0.278883309009,0.183727394665,0.251360864661,0.195051070981,0.0489130721597,1.0,0.19599425401,0.311888476687,0.299386041511,0.175255255365,0.33401360036,0.401971581665,0.284464347658,0.0355011184992,0.18976073173,0.405939873816,0.19255795424,0.251113128821,-0.0517739376026,0.319957071923,0.218068901943,0.140098034175,0.187653223426,0.399059258514,0.298373383133,0.236588004925,-0.0417976961564,0.265081944376,-0.0477243843034,0.432934963542,0.440777882775,0.103179931806,0.0062209719021,0.316490334424,0.11360987829,-0.222029820658,-0.0635397417034,0.134564986504,-0.108082178004,-0.00943461335676,0.359845870002,-0.0544298196398,0.0783121749523,0.145315984721,0.247381200452,0.156853121625,0.274188458326,0.225216663758,0.179762916342,0.0682275299475,0.0817699662691,0.198107141456,0.0816813993574,0.144621468054,0.115588209571,0.217162977521,0.194655296049,0.00726340251518,0.255780244296,0.250679368198,-0.0144548487691,0.353713361531,0.243069582829,0.154531731822,0.144126523158,0.29679989277,0.154438658399,0.1763572943,0.382170336191,0.0396832776821,0.289029687011,0.369469663791,-0.0142680675528,0.148829459236,0.188438708084,0.306404256872,0.124170724643,0.115923676936,0.0348372823299,0.338513794335,0.0686241094932,0.12015556237,0.115311689294,0.197708383604,0.500899893751,0.176144202912,0.185429899773,0.23685722439,0.105594436787,0.126298886631,0.338728898295,0.168741358211,0.327185211179,0.346231962049,-0.119661011772,0.187242490586,0.271095850806,-0.00167196508074,0.271524807563,0.275245263669,0.142312743453,0.394019493603,0.15955052666,0.293694116629,0.272575381922,0.0654453513768,0.125753678727,0.169173006473,0.216002622165,0.284073747185
HRL,0.195075165087,0.0654451579356,0.152686893804,0.0953493689544,0.201759539207,0.0592391988201,0.232249408858,0.132452259805,0.143042702677,0.0425943769248,0.203591668895,0.426845198456,0.065918387231,0.126453347736,0.234209283636,0.19599425401,1.0,0.15701878676,0.180272535568,0.123076629046,0.209303536455,0.142535035343,0.294399690177,-0.010884276927,0.249730480915,0.216098607068,0.0362560472027,0.0960948037804,0.129340917948,0.229117401497,0.101789573647,0.116137343042,0.0990647875618,0.10843621767,0.218501969439,0.147094720966,0.100412228281,0.0814691074127,0.122077223205,0.0636613754731,0.097674497517,0.251833593684,-0.0178256304241,0.194261980414,0.108445240997,0.0188888929288,0.0885226115994,0.0879867822019,0.075034146896,0.0786498042696,0.154510610445,0.0604845296494,0.138009627032,0.212959101853,0.0448236072659,0.0357244193726,0.103649706334,0.0939533830503,0.378511039796,0.0146913319386,0.075439596839,0.147791670607,0.0314077274468,0.105411214213,0.254436619431,0.148730868538,0.208529183738,0.129024053142,0.157861923217,0.164342158995,0.148652397274,0.182903706539,0.0700171192117,0.142980443569,0.111177197735,0.217051035696,0.10425629804,0.14237609378,0.141650321343,0.192627266682,0.0894544390092,0.174961657069,0.0540199893181,0.0202713212536,0.499561423844,0.107734824692,0.209416451244,0.0343473812195,0.171555345029,0.172532165009,0.0311866753722,0.107061455041,0.0587963328634,0.147986469402,0.112116637418,0.133824601121,0.0797358459631,0.335234657322,0.0611025532377,0.0940609716447,0.0617695173941,0.0914607708484,0.106705688865,0.221903736264,-0.0322976218868,0.201385939445,0.146297480599,0.17503266661,0.174971469214,0.122035390399,0.101654471288,0.108275060712,0.174261656952,0.0596793318459,0.134840676582,0.0414409480485,0.0695930710306,0.112207257455,0.162798384162,0.191846301432
GE,0.0810208476405,0.222394343584,0.0980330560848,0.260058809973,0.169803637541,0.252887370497,0.251376472356,0.134244813306,0.285764648429,0.190727339088,0.141252857709,0.0937783366595,0.0966548071013,0.290923313748,0.0697468999559,0.311888476687,0.15701878676,1.0,0.387553077448,0.159033539405,0.169032245302,0.277719442064,0.177092726583,0.11469742306,0.061870628345,0.311669421452,0.0431557243058,0.190059695179,0.116268539281,0.147435739272,0.0778319859191,0.105836327274,0.253102268205,0.252129569902,0.330306794621,0.173541958941,0.0426540266367,0.211298761573,-0.00230056111007,0.248988023612,0.167244456589,0.144153173881,0.0998391157924,0.261753218057,0.12476035544,-0.0295620457232,-0.0271500284115,0.136818982923,0.0110682032013,0.106545289194,0.298473673936,0.00670333090225,0.251373679792,0.267316965594,0.26819356395,0.143912441464,0.237597615179,0.178675369967,0.104856037244,0.012623446762,0.296342975392,0.142320936867,0.0176743493587,0.0144522894292,0.102805811235,0.25691074731,0.0722428879795,0.113036124347,0.271876619456,0.255084669028,0.144749482387,0.292497511655,0.28437910794,0.144422380189,0.128820882708,0.298481118425,0.165432821855,0.212224332391,0.0804550616917,0.224586913023,0.222330868771,0.456597113532,0.0379151733727,0.199960545078,0.0858147037718,0.274484733641,0.233408798406,0.0175760270807,0.0487624969948,0.368975346664,0.150223092085,0.0836278539761,0.207411520853,0.301531836239,0.261278719339,0.36707843742,0.238193975782,0.184972740285,0.0412418195713,0.304297700586,0.143327096071,0.0925577793682,0.301056997736,0.19620397825,-0.0478259985651,-0.00828458929014,0.345370901362,0.132385910628,0.184094392445,0.257487345479,0.224077016401,0.231880532338,0.10258962116,0.30885068173,0.34308954504,0.157804994231,0.229118795282,0.0747063071316,0.198285704654,0.114746462915
T,0.0181424846239,0.205613461061,0.181970681645,0.241355100249,0.188524724506,0.110458437503,0.221158051805,0.122575858014,0.0672043814937,0.0957437153084,0.178620460006,0.155741459016,-0.0992225714112,0.0868819672859,0.220849216754,0.299386041511,0.180272535568,0.387553077448,1.0,0.229469273459,0.352605469601,0.16143423274,0.153958290274,0.116784093231,0.251457220279,0.223681568068,0.0221114119042,0.177875944126,0.0764629959417,0.153614792964,0.0811329173627,0.166548342624,0.226825726721,0.162632252404,0.257497743903,0.0879003291631,0.116331819761,0.186464131411,0.113038150332,0.218469892135,0.0892079753785,0.160712216016,0.113245330295,0.217879457422,0.0976069566422,0.119637568946,-0.0358140692796,0.166424533062,0.0253244680638,0.116760692739,0.133790986445,0.131551879168,0.0844113603859,0.256924059061,0.217886056787,0.188523522175,0.292053747315,0.289765796129,0.156557967152,-0.230205452872,0.231361568824,0.0430898335221,0.112571547931,0.191029129767,0.172912578924,0.152899254867,0.138949027776,-0.0388434717817,0.344788212823,0.14803434454,0.189515984921,0.142677671104,0.286590868276,0.210798908819,0.088696424254,0.200533251065,-0.000914592368816,0.124009729063,0.0572457760902,0.0896739988816,0.114284149165,0.247097093108,-0.164512542673,0.105115600554,0.142883833501,0.196395459749,0.159989330815,0.00232565909025,-0.021923044391,0.203208198635,0.117968755726,0.0184064740725,0.155067853353,0.248451832876,0.191659556724,0.274094529594,0.166214929161,0.115552926672,0.0752780324029,0.217926916182,0.151905568094,0.202420698002,0.443925917962,0.102866645918,-0.183563823203,0.107302550834,0.0773844004898,0.0972083686928,0.236811632153,0.288743396698,0.199132906443,0.183282270002,0.0616357141533,0.122866571893,0.233257113843,0.0677664863545,0.161939780721,0.0981641373403,0.0876635165639,0.056150780087
HAS,0.130813949988,0.312434906667,0.283824057226,0.262728008817,0.0657278027604,0.111733934533,0.258855549656,0.171249951091,0.226402418344,0.300329444226,0.201815776848,0.145526326372,0.119630110094,0.11189346084,0.19803775985,0.175255255365,0.123076629046,0.159033539405,0.229469273459,1.0,0.197250640917,0.151753395995,0.399502371549,0.0001110631977,0.229999420418,0.270316180229,0.21353448403,0.20372968486,0.261680542415,0.315060525914,0.0842523723287,0.254383916768,0.291724629482,0.154341139095,0.214935458156,0.225602805528,0.216462002621,0.276912878803,0.329123032952,0.275156519508,0.135480337236,0.249136233264,0.1307825322,0.215073901789,0.201169937773,0.116029596674,0.329238947965,0.221217296073,0.132574475513,0.233632178862,0.156680694304,0.243017156137,0.234083464669,0.0191145383801,0.0432770895852,0.169271775539,0.323426075552,0.218336676557,0.169045256086,0.138552159382,0.272657166766,0.201977474093,0.224205803878,0.154009736056,0.251384529279,0.0691503443535,0.0672564017442,0.177962308994,0.315850067287,0.056580931206,0.235124622565,0.238364087234,0.202338654771,0.0313241357024,0.161698466763,-0.00147843425125,0.258455663355,0.109568802024,0.0541650808169,0.179581435425,0.206694107053,0.210319589054,0.0865002586791,0.151351558696,-0.064978214886,0.165180596099,0.0387510191759,0.0626229540048,0.0275065956197,0.252844751344,0.183015659994,0.1381044298,0.230743827758,0.159659531402,0.0194264842598,0.0556990969423,0.364662646369,0.0143261450705,0.126231351307,0.25081777619,0.148204273921,0.22940680996,0.144409001694,0.061843753281,0.0874898590173,0.233120340076,0.198463708864,0.213218026285,0.559940295652,0.129045583207,0.307653801235,0.149773496708,0.104355738423,0.214754610981,0.0400238928981,0.0934141312812,0.290966328788,0.262844400015,0.254632817757,0.0369854569884
LVLT,0.0636985036216,0.139804320149,0.251074928843,0.129535579426,0.260345155401,0.190685369269,0.30671753232,0.219116135685,0.123781230101,0.103481529361,0.0686381919902,0.198889354006,-0.0187215811738,0.181502687912,0.00301785610516,0.33401360036,0.209303536455,0.169032245302,0.352605469601,0.197250640917,1.0,0.277383377635,0.297026799261,0.0676133504849,0.137470407552,0.17179748254,0.0254448465929,0.236471763393,0.0352877856859,0.201507183157,0.285874660865,0.136324224123,0.243629000363,0.207070064522,0.346464448378,0.151387101056,0.0481593689111,0.181330303427,0.174658430532,0.195990908394,0.247623176891,0.213858047362,-0.0173291768748,0.227557076401,0.082113627651,-0.0859459389123,0.00238791877134,0.300561042256,0.044353539897,0.00836243206305,0.173089118505,0.166945789945,0.0851891536437,0.211930190329,0.182052129396,0.207695921395,0.235864935892,0.142102717356,0.243397534504,0.127427644779,0.229188211988,0.146944964256,0.139501875649,0.0872818727388,0.0816496175495,0.201870850185,0.107937403221,0.133162896222,0.309452149367,0.160205789849,0.071758990248,0.154776343001,0.348342656851,0.24290630051,0.131363622114,0.192259977227,0.150556215714,0.137758968248,0.132770589753,0.103977540164,0.158584484708,0.229901547618,-0.0548026769736,0.137495953366,0.147431023276,0.190800224537,0.0525216969493,0.106773905855,-0.0380121783781,0.190935728213,0.0757283009412,0.197473618789,0.028534936375,0.237658370159,0.299411638863,0.188186829469,0.189588382139,0.185240116032,0.12889500739,0.214895143515,0.229675774983,0.321188586431,0.214497265754,0.293726081338,-0.0170400764443,0.0390332597455,0.100908194497,0.111307087227,0.261753555336,0.209479032041,0.151351250665,0.253056030523,0.214954285341,0.151402526234,0.235020495514,0.0400918368759,0.0685889210242,0.210395881034,0.208443282884,0.280922319937
