,AGN,AXP,VSAT,AXS,EGN,JWN,PAG,TAP,BC,UAL,LYB,KHC,WTM,LPX,PEP,GPC,HRL,GE,T,HAS,LVLT,GPS,MAS,VIA,VRSK,SNA,XRAY,LAZ,JNJ,APD,CXO,AES,BEN,KSS,FLS,SKX,AMAT,COLM,SWKS,CRI,HD,ARNC,LLY,NWS,RTN,AMD,PCLN,NWL,FSLR,PM,GRMN,S,QCOM,FTI,NFX,MD,AVT,MO,MDLZ,UHS,MS,JLL,NUAN,ETR,KMB,MUR,HAIN,AMGN,KMI,GWW,OTEX,GWR,LUK,WPX,SEE,SLB,WHR,LNG,CASY,MDT,UNP,F,CA,WAB,SJM,FCNCA,ADM,TRIP,ALKS,LEG,LMT,VMC,MMM,CMCSA,LOW,CVX,AAL,CVS,CAH,BAC,PDCO,DISH,DIS,TGT,TWTR,CL,SON,CELG,RPM,HOG,INTC,M,MLM,Y,XOM,STX,HPE,NKE,CSCO,HHC
AGN,1.0,0.0866628428005,0.1286412823,0.112829779767,-0.0719750810262,0.101865607465,0.114180275851,0.118643404041,0.0731245321891,0.0938784882479,0.138928998689,0.140174973171,0.0304321547445,0.265639106924,0.0836893285169,0.114848671121,0.191801115007,0.0810971262961,0.017475733566,0.129903660444,0.0651620126714,0.0923271701037,0.199272100336,0.135875543382,0.232816918692,0.104441923674,0.304627017071,0.0943788535682,0.219226434622,0.159471719326,-0.0847184262414,0.0688798165818,0.24026459,0.0769913803569,0.0501083782825,0.125932640167,0.0338733588206,0.0522903605915,0.0887906644361,0.10858875655,0.0242203312284,0.0993221933379,0.291245031849,0.24897354922,0.0482627567409,0.0627462282334,0.295956781987,-0.00332134609693,0.0353275037895,0.0960966487978,0.176031433105,0.0210789132014,0.0568623635014,-0.106036626952,-0.0962973236361,0.172259810482,0.141028597009,0.0919732464775,0.0658811572596,0.113008542014,0.0611895898878,0.277052640571,0.0526376856555,0.126974200731,0.0867935976007,-0.0923149050908,0.0997876463062,0.369574965866,0.206667270052,0.0814686586991,0.172642455623,0.0775513639992,0.062974390305,-0.148667039888,0.0382704082168,-0.0506407321417,0.17772782813,0.180629378203,0.11662541063,0.341059628274,0.0979872891756,0.0803167089888,0.272908468697,-0.00856395737585,0.102413769213,0.152912083409,0.0713735500125,-0.0376084837191,0.35684199102,0.122280174823,0.0867708756953,0.142298575871,0.176102164484,0.0357835021455,0.0726564401855,-0.0699809391976,0.0539075088842,0.244722871746,0.307253098402,0.0089320976536,0.387045988857,0.136540733702,0.136022949321,-0.0643356201244,0.1645867447,0.0536508092165,0.0617318981526,0.422831270604,0.0711645714224,0.191415285361,0.0467555331613,0.118658129263,0.161273762629,0.171075715212,0.0957860816769,0.0575309544635,0.0629218316498,0.0939102907324,0.213201399587,0.154788709921
AXP,0.0866628428005,1.0,0.318087936099,0.399643621003,0.126399958613,0.158192240989,0.352720251977,0.0722416735454,0.39623225191,0.345944901347,0.408787265069,0.0796150236502,0.0897621266876,0.25651741505,0.0946252353844,0.191116374503,0.0637962459034,0.222399894639,0.2052769218,0.312054234347,0.140279566951,0.284078412389,0.308103686314,0.0372330494989,0.269941490964,0.447372626081,0.165721418244,0.462369257214,0.243666436173,0.383096569239,0.138650023301,0.0895450415653,0.492371484007,0.304573531676,0.216825294843,0.249696757402,0.29153904773,0.339136029702,0.364949835803,0.336109551849,0.20062172988,0.303772001066,0.136167691398,0.438344917028,0.231912741226,0.194443260472,0.22118091003,0.2224795026,0.124436529492,-0.0455641995914,0.293033540024,0.225060867303,0.327252688606,0.094259494043,0.172650175038,-0.0775665593879,0.458143727681,-0.0439819573378,0.151300917265,0.163458307055,0.535096790926,0.388670639655,0.309160925531,-0.0402158673189,0.011571105245,0.172924615904,0.071619695327,0.314969348889,0.150608603685,0.163478098856,0.258886757891,0.391407766476,0.49414575168,0.138353120448,0.228226709194,0.158364329685,0.352342284773,0.168463738767,0.04036017602,0.268183310839,0.376994661993,0.426086675216,0.166941812257,0.219734797621,0.0581381050054,0.460675508657,0.193861264445,0.180946996333,0.170493195166,0.300689163045,0.31563672122,0.292518760482,0.231166005384,0.221599924147,0.226682491006,0.223578125738,0.381997788358,0.25530680651,0.220134906768,0.562707686817,0.266345666788,0.180230961342,0.21686900568,0.136532440522,0.201982961614,-0.0405505706565,0.411621199834,0.279814982912,0.410775614202,0.10502981245,0.348144405659,0.281089231027,0.303171535662,0.370379361486,0.19505563402,0.0943905822126,0.181414520392,0.195913260115,0.341233230402,0.153492503065
VSAT,0.1286412823,0.318087936099,1.0,0.225291552807,0.131653228172,0.16859915263,0.205626478842,0.187412716514,0.314598435679,0.210611705517,0.228046962756,0.219822910114,0.107742449956,0.176495746117,0.163031212309,0.17251553258,0.152073110645,0.0978913034201,0.181516228189,0.283776640692,0.250715134155,0.213423230523,0.323181137421,-0.0020624492036,0.27038427943,0.195492934664,0.386773308825,0.273418564637,0.0928569143911,0.309497961238,0.105981849484,0.269434105095,0.306959873203,0.192983267265,0.235503349864,0.144445166769,0.274141861083,0.255129437667,0.27231072505,0.289792578826,0.0755680293747,0.266610161066,0.0520719404776,0.310083101364,0.017677732268,0.132823964994,0.396457912845,0.163160237139,0.20154161935,0.123229083216,0.280784174864,0.229705324466,0.189732705278,0.0992677178665,0.0838539233351,0.170618763662,0.353926956654,0.108446076436,0.216499786911,0.0593615524173,0.308946776142,0.248830080309,0.325199509042,0.135474429299,0.176376775679,0.0937063394443,0.136088073236,0.222414049418,0.205232799377,0.0812838537647,0.310209220068,0.221733363099,0.275762768614,0.151719061672,0.216149482046,0.0866964534349,0.238443797458,0.185994908478,0.287320330535,0.180505880303,0.263975092891,0.102604589014,0.145623592995,0.0734586134137,0.107700774546,0.294756136649,0.161581212891,0.0274480145638,0.199748913306,0.297952026039,0.101485434988,0.223551410728,0.0834429294806,0.185947170874,0.0651808371008,0.104161949981,0.259584093812,0.120847520177,0.191434630986,0.285748419108,0.267305740797,0.10489396621,0.201206006545,0.174657478284,0.116422343326,0.207703472166,0.281197084218,0.225875629542,0.249327159892,0.0499690976365,0.298396466413,0.158734393396,0.204049118582,0.212204894949,0.0663601496307,0.0605157685177,0.12664942649,0.0242924468652,0.290701012836,0.288319146611
AXS,0.112829779767,0.399643621003,0.225291552807,1.0,0.201012323265,0.123231445826,0.265787349814,0.187622579674,0.260237368071,0.297913222892,0.288500796412,0.0988365322745,0.298536213037,0.0225322579925,-0.0330506905237,0.193531958083,0.095582034887,0.259614190938,0.240645548094,0.262951674944,0.128210383636,0.183110710667,0.27455549522,0.0797079181383,0.150001704517,0.170098204872,0.142885992442,0.37117462827,0.0942330212241,0.365605472356,0.0474952951143,0.20693394532,0.415831871007,0.154908331875,0.20153517487,0.299995122274,0.134574435515,0.205678468543,0.120373690022,0.249512248266,0.015998014016,0.293664119879,0.0519058731631,0.192724819748,0.155607984629,0.0731109483442,0.147888503878,0.152500275907,0.0983184001665,-0.0181266371838,0.251614390934,0.0856079546647,0.269060764008,0.0459753951,0.139762007135,0.223041600966,0.325377638348,0.00672204170679,0.142296193039,0.141990991271,0.470824292976,0.277047861804,0.198929387587,0.0519578889574,0.0764804544735,0.0294278897652,0.0923807675932,0.249969124235,0.245895086803,0.212761337328,0.226078443689,0.26674628681,0.46081838947,0.0905722524286,0.249292010067,0.0312976825933,0.288933675006,0.0472506230718,0.096929674135,0.211228981345,0.328733595498,0.225238177092,0.126011863689,0.15197762408,0.0561593101251,0.461424524443,0.138635742848,-0.0824021652064,0.13000140623,0.480719991115,0.178154279938,0.124128080609,0.20875449549,0.285071618187,0.110024918808,0.131952371166,0.354951434797,0.0700381668939,0.137974923963,0.452007244335,0.275221564603,0.198750975622,0.259983841409,0.0443966464735,0.137659910129,0.0165386384295,0.257831211614,0.0985514934209,0.235489332011,0.176936804715,0.248699899593,0.209333428765,0.126647185093,0.733658941682,0.0747598955588,0.0225735961659,0.236644610009,0.0990401398662,0.204968857231,0.219491717024
EGN,-0.0719750810262,0.126399958613,0.131653228172,0.201012323265,1.0,0.110472250457,0.199745194008,0.244307762414,0.167407746531,0.00797098521793,0.451768098656,-0.00564225058097,0.184252700654,0.178019015333,-0.00240537165866,0.264390070273,0.200684861034,0.16958871244,0.187719712339,0.0656619732296,0.259850750899,0.255436926659,0.206644518285,0.0277227583619,0.138704881873,0.261006638159,0.112857085998,0.244184320613,-0.0142375916995,0.337195704196,0.705989129566,0.247803936298,0.196001680439,0.137870064103,0.400275241192,0.1963884512,0.0531072862497,0.188354180947,0.0517800550149,0.137938856146,0.0798287035336,0.286031542388,-0.0925730203132,0.282304974728,0.0841742603191,0.00959516600532,0.0162553687086,0.102492998109,0.0879850776413,0.113230708016,0.186614512383,0.0309681686377,0.144986143701,0.528027035592,0.730577440123,0.163268797289,0.3269369923,-0.0233585992681,0.112974239909,0.104092464872,0.258315934112,0.17117871652,0.154864328523,0.0738615663323,0.0742229137706,0.653115785249,0.0948071877666,0.00226518724014,0.436736991838,0.167318094808,0.235875133288,0.304177560357,0.277167505658,0.752448065207,0.204437018024,0.607037452417,0.0771729801892,0.482672579994,0.14826343289,-0.0376877451557,0.188623927739,0.26597727021,-0.154953969576,0.129948674373,0.10613932471,0.235925152089,0.0968205016431,0.162778134605,0.0983231794192,0.12740245133,0.00266104085594,0.136782066786,-0.139241112316,0.111524193008,0.214770453495,0.539146973022,0.0973496762249,0.136423270532,0.184915068311,0.256649261485,0.10432723244,0.247632316561,0.149264329849,0.203357157841,-0.0922551459231,0.0467846333064,0.26523080387,-0.0474534501933,0.267446137866,0.0986049880715,0.00993919176358,0.0937765932363,0.158352897608,0.142537962312,0.355673062802,-0.0116837043307,0.233297609044,0.0255177036488,0.0508209603996,0.244872827215
JWN,0.101865607465,0.158192240989,0.16859915263,0.123231445826,0.110472250457,1.0,0.304863343242,-0.158259247161,0.310572292982,0.153040181314,0.154996582051,-0.0230219938829,0.23326207394,0.235791124841,-0.0240840431008,0.291409042546,0.0586695644435,0.252949077595,0.110521984021,0.111486013045,0.191044403008,0.539711409875,0.195498571972,0.122184850664,0.0338353817508,0.166757844376,0.16445009812,0.124488354858,-0.0993302663094,0.145958191734,0.127048440817,0.112844688942,0.233753899056,0.599808531229,0.219540193838,0.224619726655,-0.0199197717033,0.367729010482,0.0420444495749,0.42988680266,0.184872967568,0.0643633704573,0.0960195416574,0.26312959808,0.0128706461706,-0.146631603621,0.0188638089963,0.161622532768,0.133926557686,-0.113323295017,0.165529476344,-0.047744643587,0.0522249562264,0.216521151378,0.180004825269,0.120765847575,0.170833878789,0.0390225208032,-0.0318712197656,0.153692180208,0.22642050199,0.257718668594,0.161799716617,-0.108685996553,-0.0536958455589,0.218156113206,-0.0690169891801,0.0328110414043,0.205084961934,0.204575336877,0.165700502403,0.184476903088,0.185134530066,0.0195357250302,0.110673609315,0.179266160158,0.202536926444,0.00395017857205,0.330195036488,0.109595341564,0.0632873411701,0.2807693745,0.0524305661792,0.152363674348,0.0228975264992,0.29589288212,0.0917959920257,0.122171511164,0.050918606167,0.296130222528,-0.019875269628,0.21264731129,-0.0171130113751,0.0695346445425,0.236049418804,0.159431431889,0.276093640822,0.208791072018,0.214884116143,0.235337236335,0.143523634913,0.105205814938,0.135827101589,0.484247245726,0.0478809796406,-0.0432647741878,0.205044670995,0.0735781211378,0.0888317868641,0.318403094718,0.100588369421,0.647919616051,0.196909332867,0.124236829026,0.0841991375327,0.0688551409205,0.14154483297,0.0975531155186,0.12601975826,0.0378707672043
PAG,0.114180275851,0.352720251977,0.205626478842,0.265787349814,0.199745194008,0.304863343242,1.0,0.167090324746,0.283452539094,0.206559123143,0.379630070281,0.169990024497,0.207893035507,0.31657961868,0.0166857412527,0.317548820724,0.237706286794,0.251613727892,0.222710904168,0.260001736907,0.305314310403,0.355858016052,0.412981716724,0.103343182314,0.290243279815,0.335784548125,0.18005799783,0.321018893253,-0.0224114275274,0.252822989189,0.175832762777,0.0686464838055,0.386952924089,0.408934207995,0.324135569154,0.251175900522,0.280216002603,0.44738322663,0.289881283981,0.392038889841,0.237472756498,0.144662517597,0.109252222106,0.332190535205,0.196634237556,0.151292671525,0.143539371057,0.141634810405,0.17398735922,-0.0180807503183,0.395688312915,0.204449071709,0.23709539064,0.1527356332,0.263017581857,0.06715324372,0.286118706548,0.0375750666412,0.161186994179,0.165346193988,0.401023914033,0.369171930206,0.209549558579,-0.0968543951252,0.0502151264162,0.173810544472,0.266335501002,0.16068543928,0.269426222083,0.101696509658,0.393732503162,0.364036689992,0.392540766952,0.162945058641,0.205403938559,0.161706093571,0.226208493422,0.132445920368,0.123953109004,0.224411802545,0.354850874006,0.48835747618,0.135719468797,0.164897471153,0.137384548871,0.273796021149,0.17839763809,0.245312172609,0.142788209026,0.255906275078,0.159032614978,0.23857987196,0.084085017334,0.203902910875,0.272334078694,0.176729507048,0.280648590959,0.344447858591,0.179647044402,0.406474335732,0.258428238022,0.220710221658,0.147892545084,0.307385660067,0.198336757971,-0.0013075702419,0.276874182895,0.139611202132,0.292682564479,0.219726572565,0.207407194182,0.326546510403,0.258281158183,0.223642023017,0.150660403331,0.149905058554,0.162027817276,0.160892168489,0.229029289506,0.228804686518
TAP,0.118643404041,0.0722416735454,0.187412716514,0.187622579674,0.244307762414,-0.158259247161,0.167090324746,1.0,0.0887648942168,0.118240953758,0.19381240955,0.219449518282,-0.0709685596042,0.0506687838814,0.31826613824,0.146120611259,0.129009184212,0.134062388378,0.121032892441,0.17102489563,0.219280967954,0.081359292558,0.234886027908,0.0542964842301,0.306067073176,0.238156448213,0.0839817404953,0.0467357369103,0.0452076952047,0.219894389844,0.164420286332,0.28009829675,0.147295019759,0.0455695062225,0.217551232804,0.184168158832,0.0437988386369,0.110736467041,0.0956797535032,0.147575456579,0.0967233983495,0.183214423922,-0.0316330687007,0.127430072872,0.0782131193421,-0.079580797886,0.133300012267,0.189319283739,-0.0565750663469,0.223444877601,0.389638640682,0.365342157123,0.179325504571,0.160877684825,0.11156426189,0.127357432106,0.170517383875,0.169980613379,0.167817451183,0.0976290623781,0.110814505134,0.154250234018,0.189033925859,0.125763390806,0.195181425631,0.18661489211,0.124529012348,0.0110800973591,0.160496118515,-0.0881690347855,0.206839461731,0.234103569115,0.147575514205,0.33309241187,0.266954920661,0.189223871062,0.106138222935,0.240947146901,0.0187334756604,0.192751007568,0.112629770534,0.132962539979,0.00674836335468,-0.0221394480151,0.0731829337229,0.0337754242479,0.16344625603,0.201765928554,0.00417344029591,0.126876878095,0.130162382294,0.055367861058,0.134332288014,0.191491936959,0.173152800406,0.152649622611,0.0943356550409,0.0697082794487,-0.0842911913474,0.0572963851438,0.151167410928,0.21996663235,0.172802125785,0.0400566422672,-0.0114888034936,0.0725662839969,0.20530230678,0.0151073638452,0.167224575896,0.0113621136076,0.131721868665,0.0257083477262,0.0574805964061,0.114225508004,0.0864696917469,0.00988912077645,0.0642038532318,0.010706542534,0.198042673493,0.136812772453
BC,0.0731245321891,0.39623225191,0.314598435679,0.260237368071,0.167407746531,0.310572292982,0.283452539094,0.0887648942168,1.0,0.339363884741,0.427416557065,0.0482634574112,0.0413781005468,0.339414794164,0.0771401239343,0.241009948639,0.141806431082,0.285557331127,0.0662413753542,0.226395665726,0.123264393292,0.380332688876,0.406359001906,-0.00372624314829,0.204066021695,0.288125772995,0.239263189288,0.398658798529,0.0715809198692,0.341976115952,0.180431883007,0.164348510909,0.439313632163,0.307949734844,0.275922740956,0.398837436093,0.271354932215,0.339194210294,0.210076593596,0.323309660472,0.342188333156,0.310281802448,0.159491670081,0.306611469553,0.111909433812,0.178360604061,0.183810341163,0.195595727432,0.192030615842,0.0630445527682,0.347191086981,0.16973462627,0.378698226476,0.165919795487,0.209712007733,0.166490364073,0.466909715122,0.0309005789413,0.126572119787,0.17339517454,0.418629087391,0.377312057415,0.396065063132,-0.116125309358,-0.00987238416305,0.227517204902,0.0736019850555,0.367829647738,0.125340645678,0.147852752781,0.244049945337,0.437226393638,0.375862843082,0.118215969552,0.190817526962,0.199065079975,0.400596258053,0.254562574247,0.145827635849,0.192852297916,0.374665005767,0.396971062521,0.323159350655,0.207661676589,-0.080208845297,0.391603174035,0.15134716546,0.272146844736,0.31324201769,0.38636853589,0.213804167221,0.254563689748,0.121401272978,0.210729762687,0.388241868837,0.197073396161,0.445728003799,0.212055449189,0.197737098273,0.406312457011,0.288851593512,0.151404717816,0.133920356686,0.224273304225,0.248533407349,-0.0481644417595,0.378643998417,0.326504410853,0.354637828523,0.186981917484,0.174236111438,0.280938380603,0.21180740579,0.202937065296,0.13981381731,0.120595389965,0.205162421695,0.123589512685,0.366731814142,0.17546139609
UAL,0.0938784882479,0.345944901347,0.210611705517,0.297913222892,0.00797098521793,0.153040181314,0.206559123143,0.118240953758,0.339363884741,1.0,0.213693680238,0.143076218162,0.0560920067957,0.137399287362,0.144651803246,0.112125877533,0.0406177637042,0.190753567511,0.0953524085987,0.299835891669,0.104184756321,0.128839290791,0.290377100809,-0.0375250308754,0.14936433304,0.197613720986,0.192692174928,0.330620798531,0.150392861901,0.336468127513,-0.0586025546725,0.0277090193723,0.386027036666,0.175056339518,0.196990695516,0.265992218827,0.333050823328,0.184063636396,0.299570219998,0.221356293396,0.250925686913,0.269545933093,0.092295574947,0.19290908029,0.206375488052,0.0542502333558,0.291173636314,0.232969772723,0.124593270665,0.196875467149,0.177863181212,0.190378557655,0.360769904067,0.0017279333405,-0.109617396212,0.147645183093,0.195525897389,0.109029529044,0.188886127658,0.287821433759,0.270257362363,0.184857401433,0.306535616819,0.0121619523097,0.00170518528659,-0.0661354267911,0.00444902741079,0.261861841482,0.122367179595,0.198228979004,0.214048925006,0.319520556516,0.26117185028,-0.0372147269984,0.129541331135,-0.0377435934618,0.329082039114,0.102439030954,-0.0315767648302,0.235291519701,0.338452621834,0.137817516735,0.185578381267,0.162388789417,0.0401838398015,0.228637250865,-0.027165155526,0.0460975063143,0.279590060241,0.314413295451,0.279143127375,0.206586398664,0.237763755253,0.194582021851,0.260513330908,0.0296982662558,0.768970464423,0.0275486780236,0.283318357383,0.312896384027,0.19029313467,0.20128939176,0.0901256367059,0.0791303856663,0.257937236283,-0.00906822800304,0.290010979218,0.274375108943,0.280046804919,0.189624939377,0.310119028889,0.15062395109,0.232652739208,0.173497277891,0.00598777274996,0.174777972275,0.156360751442,0.0348112126306,0.214706824074,0.107369752137
LYB,0.138928998689,0.408787265069,0.228046962756,0.288500796412,0.451768098656,0.154996582051,0.379630070281,0.19381240955,0.427416557065,0.213693680238,1.0,0.0461044265434,0.189387991408,0.346499660437,0.0343557253808,0.277933609087,0.202285226739,0.141480955673,0.178985503878,0.200888234774,0.0703089681394,0.302363714746,0.328118263182,0.0902489760542,0.339264662241,0.294499332937,0.111325639607,0.359277275489,0.167610677752,0.42668241793,0.330278674277,0.208398242532,0.345888627201,0.341606418097,0.275849759982,0.269429379533,0.208903878434,0.437419211052,0.248952968498,0.28584969857,0.190718975033,0.336717822683,0.188372253959,0.345705322107,0.249998165135,0.120217931501,0.107396266084,-0.0151790433293,0.239805003705,0.11140770543,0.310334695741,0.223144471668,0.231118701164,0.313689818714,0.419794488573,0.0477709056446,0.36075587108,-0.067398996379,0.0538721246313,0.202680685032,0.379611404989,0.411407168755,0.233492398285,0.00734906737861,0.020469209675,0.475144125032,0.186017231918,0.280271164777,0.425870328381,0.0846334096871,0.188746891143,0.535793524539,0.393310693027,0.377615802198,0.0640694883552,0.411058008893,0.202068727571,0.363145207025,0.164221367864,0.145284792856,0.514057871344,0.329994013214,0.141301265135,0.195024515153,0.0563241759144,0.374265430386,0.173409880504,0.201269584211,0.243974154429,0.195067471748,0.277803220687,0.233281433219,0.158966198968,0.246417599496,0.210697950146,0.425865254268,0.301082151172,0.21256769534,0.181078291651,0.40441747016,0.233475126753,0.227755786435,0.221915188279,0.141830402692,0.12706241955,-0.0472326141348,0.34116030759,0.23459313684,0.371915501541,0.241302098793,0.307618318551,0.204236059964,0.278031054948,0.237156171188,0.275303475434,0.130817666535,0.270260250113,0.12411292724,0.276107069886,0.159621273812
KHC,0.140174973171,0.0796150236502,0.219822910114,0.0988365322745,-0.00564225058097,-0.0230219938829,0.169990024497,0.219449518282,0.0482634574112,0.143076218162,0.0461044265434,1.0,0.0615618256705,0.0507317908483,0.508866711025,0.181796418026,0.419925395685,0.0938959530854,0.154410419093,0.143515891893,0.201701447049,0.0259865840551,0.183854652022,-0.0474057485409,0.199200983687,0.059870435558,0.0364373483606,0.0153122139289,0.103734570532,0.159137822059,-0.0294395170867,0.165698902454,0.133736327842,0.0541867441405,0.0696778881448,0.0717112987349,0.225636000963,0.0118538741575,0.290266450931,0.0441454359942,0.177004013488,0.128760035583,0.127896006156,0.176303930526,0.124851475119,0.0734345923848,0.153638531388,0.0636353647004,0.0116517836175,0.329939072846,0.217448246869,0.0475851080792,0.171471805005,0.0222899069088,-0.0774595847692,-0.00132937155949,0.0930314490723,0.252055303165,0.643347761636,-0.0407710128328,0.0432751509902,0.0515892637229,0.172297578184,0.283249509535,0.34123158496,-0.0334118524532,0.267186548533,0.193956070739,0.0891270728357,-0.13714337024,0.185318697232,0.108802142959,-0.00183156861671,0.0227194881547,0.180364902346,0.0149136708594,-0.0429580567594,0.00161302728818,0.204134909766,0.132860137616,0.103627261904,0.11661630397,0.121393813305,-0.0936934670246,0.535713720509,-0.0524334702073,0.284659718024,0.0226774474266,0.0662004523383,0.156864766591,0.153530487333,0.0331918350843,0.0903711921184,0.240309729161,0.136695403693,-0.0231637904085,0.149506003111,0.315673564161,-0.00571017859086,-0.000240704077807,0.151042355057,0.101801125593,0.115458584728,0.104827986449,0.0165110752185,0.302787471168,0.134656467695,0.148895628098,0.15511787847,0.0156752070019,0.287278371181,0.0259961321462,0.105850701751,0.0702219229681,0.0810559443421,0.0946106132108,0.0864046187265,0.140728257182,0.182608436338,0.0837994010648
WTM,0.0304321547445,0.0897621266876,0.107742449956,0.298536213037,0.184252700654,0.23326207394,0.207893035507,-0.0709685596042,0.0413781005468,0.0560920067957,0.189387991408,0.0615618256705,1.0,0.0987164544654,-0.0420841869632,0.251919982765,0.0687396392425,0.0966079423111,-0.0987154578738,0.120241810286,-0.0197485922119,0.146716017812,0.0829926964716,0.170358324528,-0.0717208342287,0.0580011264183,0.168872659762,0.133979045846,-0.0340859330927,0.101326096042,0.0768619494811,0.171105875754,0.118107591719,0.117882481072,0.0892869976266,0.132031075354,-0.12125448169,0.140675691966,-0.0724020285622,0.112953844356,0.088713636063,0.0772056740232,-0.120253082658,0.0470441650959,0.0244675890357,0.0036445361264,-0.00620800494211,0.097116793241,0.163544638024,-0.0887602621514,0.0213853118533,-0.149258588881,0.0526274733472,0.0516378987786,0.196551574721,0.166248232118,0.159726718629,-0.106029282289,0.0710001099053,0.189029050874,0.0857529917759,0.00716629580713,0.0157032810118,0.041466533628,0.0845308352917,0.12348320364,0.0599789535338,0.0560381277859,0.103449611403,0.0126129156227,-0.0590237735379,0.159792153337,0.0731622260094,0.109629153134,0.0754180744841,0.0527613568639,0.15292634395,-0.00790618453928,0.125224177897,-0.00905004778209,0.0884261386687,0.219147111157,0.104930389091,0.0840372285396,0.0860434399634,0.199844739202,0.0902176335011,-0.0438237336409,0.0189263849597,0.136158038606,0.0192576936943,-0.0163141947606,-0.0123682258914,-0.0194166409542,0.0188120907154,0.0891983111148,0.14146200968,0.201655337674,0.0145657883584,0.104277707253,0.198338757362,-0.133082367763,0.0607539032184,0.133684536522,0.0349524211287,0.0442284155158,0.148654659016,-0.0882625873739,0.131682493557,0.029943185426,-0.0267010705727,0.106186436513,-0.00154267761863,0.336910576829,0.0320942435215,-0.060396359867,-0.0236885926264,0.0289147464195,0.0660929668166,0.103470551315
LPX,0.265639106924,0.25651741505,0.176495746117,0.0225322579925,0.178019015333,0.235791124841,0.31657961868,0.0506687838814,0.339414794164,0.137399287362,0.346499660437,0.0507317908483,0.0987164544654,1.0,0.114788773052,0.194318275721,0.132281071437,0.293033253978,0.0929140129911,0.111027461979,0.186713344992,0.24488944663,0.418865996093,0.0839129274255,0.179267770435,0.308075017576,0.224022042539,0.274082986679,0.142935815219,0.142066318663,0.13595595405,0.126425831938,0.291470172975,0.213203372339,0.262256502558,0.120304410138,0.147450535072,0.164720405435,0.125815075488,0.170447429243,0.221825688843,0.325473246159,0.148646786935,0.284318187631,0.0455247402837,0.192884480254,0.111749739545,-0.0543239325442,0.0930752982626,0.127377463708,0.273714123407,0.0368149506257,0.2447767517,0.196616902037,0.276790279789,0.197481024292,0.317471455424,0.0915773159553,0.102674057125,0.109467952006,0.285985669373,0.153326685595,0.228105789337,-0.0732494820904,0.0867169156769,0.291591559819,0.062834912124,0.242391612649,0.233170488009,0.135923423478,0.191217917577,0.339277930035,0.252051864231,0.156209952732,0.158412697283,0.199035857522,0.200662733152,0.194734780876,0.156952194037,0.225951229715,0.285634698814,0.394206485576,0.135058274183,0.267922512199,0.0107997164662,0.220121685584,0.0996795578873,0.196051474177,0.247894318021,0.241194052145,0.112592400442,0.30930556136,0.195835397974,0.0150822299447,0.33771939431,0.19934636834,0.19357741966,0.200194295634,0.1530438308,0.266681152529,0.303407612224,0.000297449034557,-0.00210637459917,0.0817955451432,0.0688905847784,0.0504797696457,0.297395070778,0.347629799389,0.28693439601,0.341771049703,0.124753038855,0.166656110297,0.27197220224,0.112652204147,0.267954857556,0.173436766737,0.159490858439,0.0640978328716,0.217191718828,0.138068898676
PEP,0.0836893285169,0.0946252353844,0.163031212309,-0.0330506905237,-0.00240537165866,-0.0240840431008,0.0166857412527,0.31826613824,0.0771401239343,0.144651803246,0.0343557253808,0.508866711025,-0.0420841869632,0.114788773052,1.0,0.0482397015642,0.232358786686,0.0699316083383,0.220788822804,0.197196557933,0.00452331536908,0.0310838181868,0.119379431727,-0.0417243524267,0.293333947351,0.0299184304662,0.05691003143,0.022203557795,0.282410069678,0.137627618029,-0.0349608737017,0.33706665964,0.126527052269,0.0791429006896,0.0668846486982,0.099704654687,0.0924872549593,0.0203971559395,0.109230825095,0.147048185066,0.0598178198966,0.0512541995379,0.0279758137965,0.247631083701,0.117771162741,-0.00162729131407,0.146128697664,0.151414977075,-0.0109736376923,0.509395141743,0.0896523397386,0.0914533153327,0.109900557324,0.0458064176131,-0.0425581514172,0.0608010821017,0.0708562087923,0.338935162464,0.438850404908,-0.0116872148066,-0.0237505840827,0.0262320153154,0.114244786375,0.377564487294,0.448054012589,-0.0139761570529,0.162253118496,0.0763693584006,0.0995113717121,-0.149765507293,0.186405675708,0.0342899738312,-0.113597736985,-0.0189240795651,0.245490285263,0.00820711513947,-0.057360121221,0.0344370450747,0.138935547201,0.197016973298,0.0192671651796,0.00519666716878,0.0632104217659,-0.0478476334202,0.283089005401,-0.0966519364163,0.239265237736,0.0237104980886,0.129629668636,0.0388385426092,0.165240120966,-0.0248853621395,0.244847579823,0.0142356702368,0.0828682871985,0.0724735798057,0.160376006688,0.179465995615,-0.0230896607441,-0.064609183125,0.149095307662,0.0334844494481,0.00259175771923,0.0324642865451,-0.0953425060692,0.336047253646,0.134958216557,0.155645118336,0.177883372937,-0.00620181715702,0.127101146779,0.0317117533782,0.0457617154313,-0.0791717699503,0.120270561777,0.0985063676646,0.0595483058009,0.109175176067,0.168698921254,0.0449401041529
GPC,0.114848671121,0.191116374503,0.17251553258,0.193531958083,0.264390070273,0.291409042546,0.317548820724,0.146120611259,0.241009948639,0.112125877533,0.277933609087,0.181796418026,0.251919982765,0.194318275721,0.0482397015642,1.0,0.196208983905,0.311697537055,0.299092848702,0.175359559846,0.333227237189,0.401697365891,0.28452731608,0.0353624758861,0.189868142309,0.406120397652,0.192741635783,0.251335887362,-0.0515033876408,0.319643393564,0.217799068148,0.139950889736,0.187429295818,0.398601473868,0.298168130508,0.236804348336,-0.0411636691924,0.265227476236,-0.0476840898668,0.432867730531,0.440864291983,0.101212001583,0.00627513584136,0.316849978783,0.11440944998,-0.22223668365,-0.0639961946284,0.134591841036,-0.108715465384,-0.0106720553649,0.360706057155,-0.0541497241888,0.0776903147178,0.145430189028,0.247321439359,0.156334402895,0.273905275457,0.223695187037,0.179884193139,0.0681325737916,0.0818183352987,0.198013472068,0.0818721076724,0.144763459137,0.115161332273,0.216861244163,0.194817189662,0.00842571964748,0.254991825941,0.250412612347,-0.0141188989722,0.353894516356,0.243068824154,0.154845032395,0.143915617565,0.29727515157,0.154289249191,0.176332947101,0.381117884356,0.0396827979498,0.289191552153,0.369678889662,-0.0142666789967,0.148422435347,0.188690793531,0.306390580851,0.123854144741,0.115266353545,0.0349705219232,0.339215112231,0.0692404126227,0.120567236155,0.115299295902,0.198263384242,0.500958275382,0.176314482679,0.185349051638,0.23648014814,0.10537058798,0.125928105569,0.33831356835,0.169056353962,0.327155296519,0.346034077516,-0.119608109156,0.18632160727,0.27109041371,9.64479229882e-05,0.271434405315,0.272801497376,0.142416555563,0.393721892084,0.160077507057,0.295466869182,0.271486546854,0.065313544998,0.125574520435,0.168266684937,0.216030314095,0.284771546994
HRL,0.191801115007,0.0637962459034,0.152073110645,0.095582034887,0.200684861034,0.0586695644435,0.237706286794,0.129009184212,0.141806431082,0.0406177637042,0.202285226739,0.419925395685,0.0687396392425,0.132281071437,0.232358786686,0.196208983905,1.0,0.156586997975,0.178089380827,0.123161531562,0.208390200108,0.142377608028,0.293969172103,-0.0114663676105,0.246520592415,0.2136006703,0.0363818038953,0.0965552519009,0.130803241098,0.229024982312,0.100616813622,0.115501348932,0.0984231773927,0.107939354938,0.217389448126,0.147342557169,0.100537197074,0.0795178215772,0.122032056652,0.0607970860717,0.0968466055571,0.24682813454,-0.0179816439402,0.1967917691,0.111638460026,0.0178859756147,0.085103925968,0.0856358734047,0.0722619963544,0.0735311593793,0.158566446744,0.0622941055462,0.134580331562,0.213781103199,0.0446874492938,0.0322398120341,0.102190450192,0.0914107498191,0.378628983489,0.0129327019988,0.0758835162147,0.148413341309,0.0304368515616,0.105755152876,0.251262515153,0.14998860478,0.206543953078,0.135076349597,0.155799285565,0.162427696958,0.147805737925,0.183708001623,0.0676517656984,0.144602779898,0.111333553081,0.220050651666,0.102927861919,0.139840216507,0.14012547577,0.192578854992,0.0905199625528,0.176206146799,0.0528754747195,0.0163356733059,0.501188208497,0.107964517508,0.208975561534,0.0303560039238,0.174068979389,0.176194097123,0.0343915681433,0.109073387455,0.0595309058573,0.150944856335,0.111534173825,0.135678977714,0.0790708539052,0.333806316581,0.0604599418276,0.093106767673,0.0595166746114,0.0907091251813,0.10606036094,0.218890234612,-0.0317305469714,0.198792181597,0.146234710935,0.180051660352,0.173594960754,0.117518097994,0.10098513648,0.105589805235,0.1767898657,0.0711725202074,0.13293159635,0.0402533419023,0.067058749348,0.111157945223,0.161332334171,0.196659387657
GE,0.0810971262961,0.222399894639,0.0978913034201,0.259614190938,0.16958871244,0.252949077595,0.251613727892,0.134062388378,0.285557331127,0.190753567511,0.141480955673,0.0938959530854,0.0966079423111,0.293033253978,0.0699316083383,0.311697537055,0.156586997975,1.0,0.387595057413,0.158836822154,0.169228083453,0.277817568285,0.176801804866,0.11472171838,0.0613487729174,0.311598808328,0.0428813738895,0.189616423435,0.116235632,0.147567266483,0.0778231687571,0.105803787864,0.253133771985,0.252261526774,0.330272938688,0.173048147321,0.0419435117081,0.210871701653,-0.00241294549026,0.248944590031,0.166914430099,0.144171961539,0.0997456467245,0.262044843075,0.123920381595,-0.0295523263828,-0.0276406296911,0.136411167236,0.0111455704602,0.106659594787,0.298960277835,0.00676436767905,0.251432745226,0.267249677451,0.268191160001,0.143884861291,0.237581742742,0.178790066732,0.104532458272,0.0123462559236,0.296347052204,0.142481454188,0.0171929890642,0.0142918010695,0.10266263946,0.257360509104,0.0716571564827,0.113081018269,0.271920122836,0.255047192335,0.144049957727,0.292086412546,0.284206008243,0.144324959195,0.129000708211,0.297850772766,0.165313870811,0.211985316929,0.0807249516228,0.224484278663,0.222337321993,0.456396635053,0.0376233569009,0.199949155137,0.0856000071884,0.272908077153,0.233502546285,0.0174870722528,0.0491342799144,0.369042453215,0.150297452474,0.0835324897282,0.207572143775,0.300282118664,0.261016549561,0.367380393014,0.238112573907,0.184963739421,0.0413054855685,0.304363199807,0.143320768305,0.0915717299499,0.300926838679,0.196173757054,-0.0477398380399,-0.00805341447306,0.34528034596,0.130907576076,0.183938174217,0.257108034622,0.223740799972,0.231872692252,0.102345104719,0.307614328652,0.343033204895,0.157693234534,0.228981325295,0.0751010112237,0.197991331741,0.114166213571
T,0.017475733566,0.2052769218,0.181516228189,0.240645548094,0.187719712339,0.110521984021,0.222710904168,0.121032892441,0.0662413753542,0.0953524085987,0.178985503878,0.154410419093,-0.0987154578738,0.0929140129911,0.220788822804,0.299092848702,0.178089380827,0.387595057413,1.0,0.229118778251,0.352929330769,0.161680303049,0.15311747258,0.116761333956,0.249656595446,0.222333810314,0.0215532552147,0.177185666307,0.0767212704199,0.153880034951,0.0808147161834,0.166342069663,0.226815134349,0.162951388136,0.257079677068,0.0870200127512,0.114812615918,0.18495950679,0.112773120591,0.217478601873,0.0882646225791,0.160518401828,0.113068030086,0.218976269016,0.0970523380665,0.11946396051,-0.037769132104,0.164875723211,0.0248039840044,0.115951221191,0.135302188227,0.132167864473,0.083351265058,0.257007016563,0.217932924252,0.187606970039,0.291726034938,0.289792387403,0.15577812674,-0.231450250219,0.231552896735,0.0435484036602,0.111311611498,0.190783221859,0.171643158863,0.154289026766,0.1371018074,-0.0375217069996,0.344635,0.147309902254,0.187870940263,0.14217988111,0.28547157349,0.211022288597,0.0891473343936,0.200425224591,-0.0016388445858,0.122471392667,0.0575847213162,0.0893790828338,0.114561835302,0.247124368848,-0.165576407741,0.103768277071,0.142670715199,0.194162366951,0.160137526472,0.00112248188137,-0.0206856629482,0.2041336972,0.118884555173,0.0186660309389,0.155631786776,0.247567485991,0.190969837107,0.275119313853,0.165891796682,0.115018935842,0.0752703443496,0.217996035353,0.151361995457,0.200163372814,0.443623218053,0.101618039207,-0.183312128222,0.107076169151,0.0771325628899,0.096490363845,0.236091583643,0.288060158526,0.198282715881,0.182469077981,0.0617605146608,0.124578862332,0.233414359264,0.0672017115174,0.160787049426,0.0988984548297,0.0864680945667,0.0564458119217
HAS,0.129903660444,0.312054234347,0.283776640692,0.262951674944,0.0656619732296,0.111486013045,0.260001736907,0.17102489563,0.226395665726,0.299835891669,0.200888234774,0.143515891893,0.120241810286,0.111027461979,0.197196557933,0.175359559846,0.123161531562,0.158836822154,0.229118778251,1.0,0.196519442152,0.151500395941,0.399580129962,-3.62298731918e-05,0.230193028967,0.270339411505,0.213737060034,0.20401624209,0.261944237234,0.31471864725,0.0839625950963,0.254222255542,0.291469493587,0.153934306006,0.214701859894,0.225864167872,0.216792331345,0.277082936537,0.329144416482,0.274944042456,0.135583097662,0.246331229102,0.130833749141,0.215405549237,0.201836981441,0.115787726186,0.329345806232,0.221322337889,0.131839824448,0.231998705647,0.157390106793,0.243340257932,0.233510556355,0.0192511723104,0.0432244418343,0.168717664339,0.323120597851,0.216734684069,0.169188751323,0.138480996567,0.272694795921,0.201867772509,0.224400592593,0.154166406589,0.251092936066,0.0688498282013,0.0673622760315,0.179281016904,0.314965377861,0.0562283298063,0.235381084627,0.238633361572,0.202308086326,0.031685919054,0.161459988226,-0.000584915910473,0.2583152814,0.109479844965,0.0534033506702,0.179577825074,0.206868322306,0.210586204816,0.0865252793174,0.150912634457,-0.0646126529184,0.165633674359,0.0384272399715,0.0618792238807,0.0276304611636,0.253579102696,0.183697671473,0.138545824858,0.230718818957,0.16040496074,0.0195097858911,0.055843814484,0.364577123742,0.013895327411,0.125984751602,0.25038109923,0.147731815259,0.22970258989,0.14437320373,0.0613315088086,0.0875396815943,0.232092575781,0.198462281087,0.21389488443,0.559923771092,0.127036044554,0.307765328844,0.149326669714,0.104966235174,0.216961156454,0.0391696813797,0.0932793376466,0.290899459937,0.26172758673,0.254682120751,0.0382889516714
LVLT,0.0651620126714,0.140279566951,0.250715134155,0.128210383636,0.259850750899,0.191044403008,0.305314310403,0.219280967954,0.123264393292,0.104184756321,0.0703089681394,0.201701447049,-0.0197485922119,0.186713344992,0.00452331536908,0.333227237189,0.208390200108,0.169228083453,0.352929330769,0.196519442152,1.0,0.277743246234,0.296148457014,0.0678402367963,0.136860122026,0.171469796535,0.0245056537906,0.234899046297,0.0347625458029,0.202032686353,0.286096084893,0.136398174809,0.243864998278,0.207790789388,0.346492880175,0.149824587666,0.045828994356,0.180199559594,0.174245062119,0.196183861662,0.246649509204,0.216503764959,-0.0175850639746,0.227437629854,0.0790101107417,-0.0855036762032,0.00210653218439,0.299689677909,0.0455508998473,0.0108746739813,0.172638379073,0.166493203716,0.0860762446526,0.21144586999,0.181993223567,0.208455122391,0.236132807652,0.144330382538,0.242340180214,0.12702168423,0.228943317171,0.147285666079,0.138097852021,0.0866229450833,0.0820963773934,0.203075270007,0.106626717421,0.131196146413,0.310481754551,0.16046394186,0.0698867913881,0.153459095461,0.347876612166,0.241980831669,0.131940757799,0.189966325984,0.150466150197,0.137227844053,0.134287936299,0.103694066852,0.158193103393,0.228975428276,-0.0553628294489,0.138021914212,0.146390089451,0.187150887722,0.0532194986541,0.107784933072,-0.037515282643,0.189748037982,0.074766966853,0.196417434895,0.0288359548976,0.234166547558,0.298558553358,0.188284140819,0.189410588161,0.185725230413,0.129270811573,0.215505346286,0.23023783349,0.317865285763,0.214122357166,0.29425095405,-0.0169411021335,0.0406850195836,0.100644531836,0.106273203869,0.261503474011,0.211994308249,0.150398011914,0.253550411928,0.21328630625,0.145827685609,0.236501198349,0.0400299970846,0.0684166889831,0.212013424495,0.207721995102,0.27736800912
