,AGN,AXP,VSAT,AXS,EGN,JWN,PAG,TAP,BC,UAL,LYB,KHC,WTM,LPX,PEP,GPC,HRL,GE,T,HAS,LVLT,GPS,MAS,VIA,VRSK,SNA,XRAY,LAZ,JNJ,APD,CXO,AES,BEN,KSS,FLS,SKX,AMAT,COLM,SWKS,CRI,HD,ARNC,LLY,NWS,RTN,AMD,PCLN,NWL,FSLR,PM,GRMN,S,QCOM,FTI,NFX,MD,AVT,MO,MDLZ,UHS,MS,JLL,NUAN,ETR,KMB,MUR,HAIN,AMGN,KMI,GWW,OTEX,GWR,LUK,WPX,SEE,SLB,WHR,LNG,CASY,MDT,UNP,F,CA,WAB,SJM,FCNCA,ADM,TRIP,ALKS,LEG,LMT,VMC,MMM,CMCSA,LOW,CVX,AAL,CVS,CAH,BAC,PDCO,DISH,DIS,TGT,TWTR,CL,SON,CELG,RPM,HOG,INTC,M,MLM,Y,XOM,STX,HPE,NKE,CSCO,HHC
AGN,0.000114782290113,8.08379305538e-06,2.02826789587e-05,1.59473043745e-05,-1.53208252639e-05,2.47090834612e-05,2.0506372814e-05,1.32815902358e-05,1.25648981424e-05,1.82008147526e-05,1.84032785878e-05,1.0845263706e-05,2.3096505399e-06,4.10862886401e-05,5.04298869821e-06,1.47624550301e-05,2.35354426114e-05,9.1523443398e-06,1.80378744355e-06,1.82135664887e-05,7.87262243526e-06,1.97100212346e-05,2.19716218764e-05,3.2255403321e-05,2.45107396078e-05,1.36392356655e-05,3.76031772823e-05,1.32526426691e-05,1.65858098591e-05,1.48325023079e-05,-1.48864040629e-05,8.20862539467e-06,2.79911907038e-05,1.74168677786e-05,8.82421687974e-06,2.59446759841e-05,6.24639857054e-06,7.49187884484e-06,1.41133797742e-05,1.39711748887e-05,2.27702462279e-06,2.00992941886e-05,3.11732072678e-05,3.2297793683e-05,3.82504235337e-06,2.54308630624e-05,3.55312353581e-05,-5.27637408632e-07,9.79173126974e-06,8.6348639944e-06,1.88741637072e-05,5.92200515284e-06,6.71078604569e-06,-1.73796139391e-05,-2.35224645466e-05,3.71296611221e-05,2.00026221862e-05,1.10299166443e-05,6.08518159512e-06,1.61668390966e-05,8.74250844094e-06,4.34572536649e-05,8.19595546744e-06,9.88174363299e-06,7.18066985453e-06,-2.12903091315e-05,1.82496862256e-05,4.4282926187e-05,2.51176509415e-05,1.47235255744e-05,2.05819323056e-05,1.10932270901e-05,8.11458940114e-06,-4.59007594472e-05,5.08382623313e-06,-5.52576105114e-06,2.40654133251e-05,3.15415941258e-05,1.50208601841e-05,2.82470581704e-05,1.07332170372e-05,9.46882374883e-06,4.73806757941e-05,-1.31088154605e-06,1.21571413566e-05,2.50529767761e-05,9.22054337212e-06,-8.58026444409e-06,6.21622080021e-05,1.55209750527e-05,6.3015275494e-06,2.34007000494e-05,1.37392210902e-05,4.30369274784e-06,9.21067169042e-06,-6.77294143068e-06,1.07751230225e-05,2.88235362175e-05,4.84252768286e-05,1.31680420697e-06,5.83809483396e-05,2.18469811463e-05,1.34558332358e-05,-9.81397706588e-06,3.83821354123e-05,4.69191967547e-06,6.55893079175e-06,5.35917039161e-05,8.77353372966e-06,2.80850449115e-05,4.43641642453e-06,3.27780439538e-05,2.88826485183e-05,1.91844404583e-05,7.46680007344e-06,1.57968954599e-05,8.8017601842e-06,1.53438505418e-05,2.40045732874e-05,1.57213958431e-05
AXP,8.08379305538e-06,7.58035642618e-05,4.07567480626e-05,4.59032884295e-05,2.1865242546e-05,3.11832664684e-05,5.14796431132e-05,6.57206193137e-06,5.53290310657e-05,5.45053392079e-05,4.40055064134e-05,5.00578316994e-06,5.53622936677e-06,3.22425310496e-05,4.63374632854e-06,1.99635550608e-05,6.36170807633e-06,2.03971191978e-05,1.72185843223e-05,3.55558493284e-05,1.37729420631e-05,4.9283684714e-05,2.76070424511e-05,7.18285601845e-06,2.30950492092e-05,4.74779488795e-05,1.66242528676e-05,5.27623476851e-05,1.4981208332e-05,2.89565209495e-05,1.97988169672e-05,8.67216171422e-06,4.66156631293e-05,5.59921931381e-05,3.10300976537e-05,4.18051913852e-05,4.36893447315e-05,3.94866609678e-05,4.7141594218e-05,3.51427946163e-05,1.53275587764e-05,4.99562255734e-05,1.18441638402e-05,4.62107472157e-05,1.49367496927e-05,6.40433055782e-05,2.15792835697e-05,2.87222740114e-05,2.80286251242e-05,-3.3271959211e-06,2.55330205729e-05,5.13840017867e-05,3.13862246754e-05,1.25549993789e-05,3.42722801407e-05,-1.35868543198e-05,5.28066797942e-05,-4.28639941857e-06,1.13569380087e-05,1.90032644123e-05,6.21295538309e-05,4.95437743443e-05,3.9119633116e-05,-2.54344824432e-06,7.77963969525e-07,3.24096491844e-05,1.06443332416e-05,3.06696930008e-05,1.48752567574e-05,2.4009780955e-05,2.5081629489e-05,4.54993583604e-05,5.17445976506e-05,3.47137479818e-05,2.46377725626e-05,1.40429019139e-05,3.87712700904e-05,2.39061179253e-05,4.2243708774e-06,1.80502004214e-05,3.35585153984e-05,4.08221102653e-05,2.35535694725e-05,2.73334946787e-05,5.60843071197e-06,6.1336646078e-05,2.03524936628e-05,3.35485379116e-05,2.41359778551e-05,3.10161648787e-05,1.86280224547e-05,3.90921351171e-05,1.4656448865e-05,2.16588499899e-05,2.3352992166e-05,1.75846704998e-05,6.20499153275e-05,2.44366947962e-05,2.819500173e-05,6.74152207917e-05,3.26483757801e-05,2.34350546934e-05,1.74342499349e-05,1.6925315429e-05,3.82786298413e-05,-2.88189817831e-06,3.55409082583e-05,2.88209839222e-05,4.11550123216e-05,1.25232908779e-05,2.68451652812e-05,6.31011267439e-05,4.41234122487e-05,3.37531975907e-05,1.23565714495e-05,2.10623196881e-05,2.06227981264e-05,2.60131159428e-05,3.12221371389e-05,1.2669117412e-05
VSAT,2.02826789587e-05,4.07567480626e-05,0.000216578342991,4.37399741371e-05,3.84947567947e-05,5.61764789818e-05,5.07278983781e-05,2.88187808772e-05,7.42544526281e-05,5.60889509932e-05,4.14950849436e-05,2.33621419495e-05,1.12323463886e-05,3.74980958195e-05,1.34945603585e-05,3.04600692977e-05,2.56326638809e-05,1.51754321719e-05,2.573566968e-05,5.46537946273e-05,4.16078767805e-05,6.25848661669e-05,4.89476328467e-05,-6.72534417215e-07,3.91014972251e-05,3.50684287639e-05,6.55817031103e-05,5.27382676923e-05,9.65001703946e-06,3.95419981245e-05,2.55807626442e-05,4.41063473702e-05,4.9122818926e-05,5.99677389487e-05,5.69682640614e-05,4.08773777254e-05,6.94411424093e-05,5.02111017895e-05,5.94563903483e-05,5.12159696312e-05,9.75878649428e-06,7.41107610724e-05,7.65590955373e-06,5.52545206021e-05,1.92451254384e-06,7.39469022617e-05,6.53806406505e-05,3.56045781147e-05,7.67328534619e-05,1.52100466798e-05,4.13542539799e-05,8.86465214167e-05,3.07581885722e-05,2.23492178623e-05,2.81359810782e-05,5.05165731097e-05,6.89546341891e-05,1.78646547871e-05,2.74688114038e-05,1.16651187628e-05,6.06334466781e-05,5.36133486346e-05,6.95541032453e-05,1.44825653091e-05,2.00442005339e-05,2.96858291283e-05,3.41876113915e-05,3.66071613484e-05,3.42629030679e-05,2.01788125203e-05,5.07999533193e-05,4.35681959793e-05,4.88099406016e-05,6.43450874722e-05,3.94413592008e-05,1.29946183069e-05,4.43500375381e-05,4.46135085031e-05,5.08320992893e-05,2.05354552389e-05,3.97185321576e-05,1.66160191371e-05,3.47285020396e-05,1.54454921015e-05,1.75615163986e-05,6.63361796377e-05,2.8673463233e-05,8.6019290285e-06,4.7797477149e-05,5.19492597456e-05,1.01238487229e-05,5.04981864639e-05,8.94246052279e-06,3.07197771686e-05,1.13502960913e-05,1.38476706391e-05,7.1272357123e-05,1.95515194574e-05,4.14444534817e-05,5.78657584494e-05,5.53843331466e-05,2.30541852931e-05,2.73406868657e-05,3.65974480873e-05,3.72941475533e-05,2.49510093497e-05,4.10397116829e-05,3.93251070759e-05,4.22231249444e-05,1.0070941772e-05,3.88922471876e-05,6.02319111481e-05,5.01970379077e-05,3.26878412996e-05,7.10574376017e-06,2.28248950054e-05,2.43355672086e-05,5.45208360095e-06,4.49594049292e-05,4.02249373698e-05
AXS,1.59473043745e-05,4.59032884295e-05,4.37399741371e-05,0.000174041252634,5.26879544039e-05,3.68077489665e-05,5.87788013057e-05,2.58630797459e-05,5.50622795638e-05,7.11218720236e-05,4.70584879619e-05,9.41620254847e-06,2.78996816352e-05,4.29139285776e-06,-2.45237627855e-06,3.06319018177e-05,1.44422936872e-05,3.60781260572e-05,3.05855598023e-05,4.53981552408e-05,1.90737809491e-05,4.81348888702e-05,3.72764388566e-05,2.32997524232e-05,1.9445841014e-05,2.73529114086e-05,2.17187305561e-05,6.41792637071e-05,8.7788076681e-06,4.18728087089e-05,1.0276640669e-05,3.03667874917e-05,5.96537889451e-05,4.31510515565e-05,4.37024052784e-05,7.61049305158e-05,3.05578400914e-05,3.62866266445e-05,2.35604702016e-05,3.95301621711e-05,1.85200595688e-06,7.31769071894e-05,6.84113435918e-06,3.07854815443e-05,1.51860441722e-05,3.64875370721e-05,2.18627648572e-05,2.98318874969e-05,3.35559852524e-05,-2.00564081255e-06,3.32201529093e-05,2.9615791503e-05,3.91009684416e-05,9.27893961334e-06,4.20384206915e-05,5.91986157449e-05,5.68271802033e-05,9.92660118994e-07,1.61843127559e-05,2.50128565629e-05,8.28335049722e-05,5.35110463874e-05,3.81408534677e-05,4.97918485207e-06,7.79141589202e-06,8.35714462319e-06,2.08040958865e-05,3.68815183332e-05,3.67998312145e-05,4.73481067205e-05,3.3188402856e-05,4.6984596651e-05,7.31174500528e-05,3.44341211146e-05,4.07778777871e-05,4.2052610853e-06,4.81753313401e-05,1.01599471597e-05,1.53725894207e-05,2.15419529022e-05,4.43397168686e-05,3.26979698678e-05,2.69391774133e-05,2.86455563098e-05,8.20887302433e-06,9.30908211098e-05,2.20537825385e-05,-2.31495274283e-05,2.7886061827e-05,7.51352594391e-05,1.59315039861e-05,2.51354690292e-05,2.00549651877e-05,4.22183303544e-05,1.7175006136e-05,1.57254618593e-05,8.73636092412e-05,1.0157717472e-05,2.67771691411e-05,8.20543851634e-05,5.11186871155e-05,3.91585974616e-05,3.16689323819e-05,8.33935326491e-06,3.95303279094e-05,1.78099500658e-06,3.37324250677e-05,1.53809207516e-05,3.57495522737e-05,3.19672549811e-05,2.90578553945e-05,7.12053754429e-05,2.79291356694e-05,0.000101307977457,7.17611613648e-06,7.63237277549e-06,4.07618089964e-05,1.99260436326e-05,2.84171471491e-05,2.74510281713e-05
EGN,-1.53208252639e-05,2.1865242546e-05,3.84947567947e-05,5.26879544039e-05,0.000394752699379,4.96943906475e-05,6.65271947706e-05,5.07187867416e-05,5.33453456566e-05,2.86590544291e-06,0.000110979551814,-8.09556410802e-07,2.59329871178e-05,5.10618337625e-05,-2.68797492255e-07,6.3023550354e-05,4.56678920874e-05,3.54935092773e-05,3.5932293308e-05,1.70731103694e-05,5.82202439968e-05,0.000101126822058,4.22536877582e-05,1.22045770593e-05,2.7080628376e-05,6.32108798505e-05,2.58350953254e-05,6.35873426626e-05,-1.99758563952e-06,5.81618072368e-05,0.000230056786379,5.47660939513e-05,4.2346401403e-05,5.78393012763e-05,0.000130722295516,7.50327734245e-05,1.81614555008e-05,5.00460130863e-05,1.52634019493e-05,3.29124188161e-05,1.39178399015e-05,0.000107342954562,-1.83752182572e-05,6.79146220786e-05,1.2371676165e-05,7.21192296007e-06,3.6191280317e-06,3.01953977244e-05,4.52252178345e-05,1.88684659838e-05,3.71063313862e-05,1.61347113472e-05,3.17321936353e-05,0.000160496472546,0.000330948162665,6.52627433303e-05,8.59941525501e-05,-5.19496494707e-06,1.93515993223e-05,2.76158393846e-05,6.84439122224e-05,4.979375299e-05,4.47176846647e-05,1.06601108203e-05,1.13878143994e-05,0.000279335049265,3.21547397403e-05,5.03341783543e-07,9.84356487669e-05,5.6077580979e-05,5.21489791049e-05,8.06901915903e-05,6.62323253315e-05,0.000430830874284,5.03630765517e-05,0.000122837996125,1.93788622025e-05,0.000156305043405,3.54128419267e-05,-5.78852850103e-06,3.83161675587e-05,5.8151344974e-05,-4.98898336782e-05,3.68880686716e-05,2.33654714369e-05,7.16831176504e-05,2.3195922901e-05,6.88709427146e-05,3.1763730565e-05,2.99892666439e-05,3.5838391786e-07,4.17140703608e-05,-2.01460549284e-05,2.48744001403e-05,5.04913325193e-05,9.67675701665e-05,3.60854891873e-05,2.97979419134e-05,5.40472068715e-05,7.01669942899e-05,2.91830965912e-05,7.3478728685e-05,2.73829072767e-05,5.75278472099e-05,-3.98978955792e-05,7.58756864252e-06,5.22603712329e-05,-1.11538133545e-05,6.11465775506e-05,2.68301131325e-05,1.74894226117e-06,4.80402323377e-05,5.25925735468e-05,2.96426093086e-05,5.14171737909e-05,-5.94943651337e-06,6.05206487072e-05,7.73192932142e-06,1.06113812505e-05,4.61229980398e-05
JWN,2.47090834612e-05,3.11832664684e-05,5.61764789818e-05,3.68077489665e-05,4.96943906475e-05,0.000512605460787,0.000115706335739,-3.74394745966e-05,0.00011277497814,6.27024318839e-05,4.3388894774e-05,-3.76414843061e-06,3.74120817566e-05,7.70702072942e-05,-3.06691315814e-06,7.91570879061e-05,1.52138201569e-05,6.03273373883e-05,2.41075340324e-05,3.30330110495e-05,4.8776813337e-05,0.00024348563202,4.55526218975e-05,6.12960821414e-05,7.52778369391e-06,4.6020953773e-05,4.28987297547e-05,3.69411737009e-05,-1.58810616919e-05,2.86888667795e-05,4.71775555232e-05,2.84193244432e-05,5.75499086687e-05,0.000286744277059,8.17022545606e-05,9.77939546548e-05,-7.76264915273e-06,0.000111339988839,1.41229871804e-05,0.000116884346544,3.67295183119e-05,2.75250080823e-05,2.17188467754e-05,7.21345819798e-05,2.1556519736e-06,-0.000125590049081,4.78592152036e-06,5.42597171348e-05,7.84453873936e-05,-2.15189275804e-05,3.75065403042e-05,-2.83464966893e-05,1.30250902626e-05,7.49961070106e-05,9.29195128258e-05,5.50091995677e-05,5.12044752366e-05,9.88963370029e-06,-6.22107131932e-06,4.64643415261e-05,6.83641531272e-05,8.54279596522e-05,5.32395936306e-05,-1.78749920839e-05,-9.38797936916e-06,0.000106324095947,-2.66740403541e-05,8.30821930929e-06,5.26738795082e-05,7.81319557418e-05,4.17461604013e-05,5.5765375844e-05,5.04131897901e-05,1.27464393025e-05,3.10688979123e-05,4.13375385177e-05,5.79557163208e-05,1.45769328228e-06,8.98723980215e-05,1.91817919364e-05,1.46497829493e-05,6.99510171542e-05,1.92363627072e-05,4.92861122179e-05,5.74401887234e-06,0.000102448645254,2.50609256258e-05,5.89032104576e-05,1.87448149197e-05,7.94327968344e-05,-3.05027545013e-06,7.38996469391e-05,-2.82148683873e-06,1.76731443962e-05,6.32374419287e-05,3.26081133042e-05,0.000116622822891,5.19683342461e-05,7.157054542e-05,7.33183298423e-05,4.57494809064e-05,3.55732150648e-05,2.83948130555e-05,0.000156104304268,2.35967111684e-05,-7.99581807905e-06,4.60390205279e-05,1.97075815498e-05,2.31437261264e-05,9.87256403289e-05,2.01697832119e-05,0.00037823423572,7.45235902009e-05,2.94418639941e-05,1.38705579007e-05,3.99540407133e-05,4.18423787951e-05,3.36834439872e-05,2.99844959468e-05,8.12849413974e-06
PAG,2.0506372814e-05,5.14796431132e-05,5.07278983781e-05,5.87788013057e-05,6.65271947706e-05,0.000115706335739,0.000281009263218,2.92671650698e-05,7.6207742839e-05,6.26602320334e-05,7.86838814954e-05,2.05786057403e-05,2.46874587085e-05,7.66144570933e-05,1.57320852683e-06,6.38654523908e-05,4.56388598127e-05,4.44307959915e-05,3.59678353129e-05,5.70391087915e-05,5.77158331924e-05,0.00011886587631,7.12474489327e-05,3.83853839607e-05,4.78109009432e-05,6.86117906357e-05,3.47769440326e-05,7.05311977747e-05,-2.65299332522e-06,3.67934223085e-05,4.83431114296e-05,1.28002846376e-05,7.05362897521e-05,0.00014474523168,8.93131470981e-05,8.09675104982e-05,8.08513430338e-05,0.000100293244649,7.20952702004e-05,7.89223657747e-05,3.49320696679e-05,4.58050540277e-05,1.829684107e-05,6.74263693633e-05,2.4384066684e-05,9.5943209316e-05,2.69634788986e-05,3.5205808845e-05,7.54548406233e-05,-2.54206460202e-06,6.63824980637e-05,8.98728644467e-05,4.37818866087e-05,3.91694493209e-05,0.000100525504555,2.26478453692e-05,6.34963666408e-05,7.05071806122e-06,2.32951330771e-05,3.70110087434e-05,8.96502829724e-05,9.06048677914e-05,5.10519610858e-05,-1.17939777322e-05,6.50031952652e-06,6.27204456169e-05,7.62132632744e-05,3.01254238117e-05,5.12353910036e-05,2.8757436666e-05,7.34450759164e-05,8.14772749022e-05,7.91425829255e-05,7.87171292254e-05,4.26932528331e-05,2.76084093848e-05,4.79258334377e-05,3.61873443489e-05,2.49793951089e-05,2.90811435035e-05,6.08175502935e-05,9.00846600556e-05,3.68679733411e-05,3.94935181784e-05,2.55172508931e-05,7.0188754879e-05,3.60604541686e-05,8.75702971035e-05,3.89193609024e-05,5.08237563903e-05,1.80709479256e-05,6.13882103747e-05,1.02645262979e-05,3.83711412684e-05,5.40184418026e-05,2.67626734369e-05,8.77725499756e-05,6.34773905615e-05,4.43015368941e-05,9.37613276458e-05,6.09917951987e-05,5.52553741532e-05,2.28911476732e-05,7.33668758291e-05,7.23702983576e-05,-1.78921361917e-07,4.60287048193e-05,2.76868539158e-05,5.64586434362e-05,5.04433550483e-05,3.0792573204e-05,0.000141141087279,7.23750534331e-05,3.92407283839e-05,1.83761326119e-05,6.44034790897e-05,3.54634213441e-05,4.11319174015e-05,4.03476123991e-05,3.63613176977e-05
TAP,1.32815902358e-05,6.57206193137e-06,2.88187808772e-05,2.58630797459e-05,5.07187867416e-05,-3.74394745966e-05,2.92671650698e-05,0.000109178738414,1.4875401774e-05,2.23575525033e-05,2.50389128677e-05,1.65590668635e-05,-5.25304540271e-06,7.64323082101e-06,1.87042345206e-05,1.83179001168e-05,1.54391527735e-05,1.4755890763e-05,1.21838613959e-05,2.33864624763e-05,2.58379150625e-05,1.6939333738e-05,2.52583161503e-05,1.25708453965e-05,3.14260706658e-05,3.03325630448e-05,1.01104989508e-05,6.40042007311e-06,3.33570565207e-06,1.99469496068e-05,2.81772702016e-05,3.25552111047e-05,1.67359842952e-05,1.00538838735e-05,3.73644821819e-05,3.70046313791e-05,7.87708655651e-06,1.54735999844e-05,1.4832534358e-05,1.85179879727e-05,8.86851262968e-06,3.61597783611e-05,-3.30214301869e-06,1.61221578925e-05,6.04554312493e-06,-3.14567142069e-05,1.56078755447e-05,2.93324197681e-05,-1.52933701245e-05,1.95816487008e-05,4.07446982314e-05,0.000100104118855,2.06405915615e-05,2.57164858205e-05,2.65781834753e-05,2.67727453589e-05,2.35873961229e-05,1.98811590194e-05,1.51175369072e-05,1.3621488107e-05,1.54414017447e-05,2.35970334407e-05,2.87060971795e-05,9.54561526383e-06,1.57487956669e-05,4.19747415722e-05,2.22116468356e-05,1.2948186172e-06,1.90240704204e-05,-1.55406410143e-05,2.40493605172e-05,3.26593916519e-05,1.8545924015e-05,0.000100300133069,3.45857443228e-05,2.01372258507e-05,1.40165553529e-05,4.10344515559e-05,2.35316061677e-06,1.55693743136e-05,1.20321977425e-05,1.52880123152e-05,1.14265280408e-06,-3.30512077875e-06,8.47255749668e-06,5.39696915756e-06,2.05932924275e-05,4.48946171595e-05,7.0904904498e-07,1.57064135027e-05,9.21910880573e-06,8.88009548543e-06,1.02213773862e-05,2.24615902578e-05,2.14081086173e-05,1.44087027276e-05,1.83899452672e-05,8.00734715399e-06,-1.29565574827e-05,8.23809050592e-06,2.2238133976e-05,3.43255575854e-05,1.66716691362e-05,5.95936083332e-06,-2.61300759509e-06,6.18928909908e-06,2.12739845537e-05,1.867457596e-06,2.01067745384e-05,1.62588276734e-06,1.21895807036e-05,6.92614046136e-06,1.00398252914e-05,1.24926756336e-05,6.57396850355e-06,2.64825279281e-06,8.75912776876e-06,1.70609030181e-06,2.1746747526e-05,1.35522080118e-05
BC,1.25648981424e-05,5.53290310657e-05,7.42544526281e-05,5.50622795638e-05,5.33453456566e-05,0.00011277497814,7.6207742839e-05,1.4875401774e-05,0.000257227180713,9.84943573333e-05,8.47568138891e-05,5.58996451356e-06,4.70116081274e-06,7.85880758466e-05,6.95855765604e-06,4.63754962086e-05,2.60488260607e-05,4.82437642574e-05,1.02352928172e-05,4.75184975898e-05,2.22937723537e-05,0.00012154643009,6.70728081106e-05,-1.32419931659e-06,3.21612976328e-05,5.63272132197e-05,4.42133068069e-05,8.38011793046e-05,8.10703452932e-06,4.76154079586e-05,4.74620170475e-05,2.93200842905e-05,7.66173751982e-05,0.000104286662638,7.27401693637e-05,0.000123006155427,7.49083335472e-05,7.27509260203e-05,4.9987610248e-05,6.22712719526e-05,4.81585977842e-05,9.3996524757e-05,2.55553570545e-05,5.95427691373e-05,1.32773623612e-05,0.000108216477953,3.30348955661e-05,4.65159393588e-05,7.96779212586e-05,8.48038976482e-06,5.57271774252e-05,7.13858278042e-05,6.69056420762e-05,4.07102163742e-05,7.66854357679e-05,5.37213737201e-05,9.91365139385e-05,5.54751284258e-06,1.75013424785e-05,3.71340089223e-05,8.9538312463e-05,8.85975379233e-05,9.23188370436e-05,-1.35290083543e-05,-1.22270109795e-06,7.85498517414e-05,2.01506535588e-05,6.59783549465e-05,2.28044830509e-05,4.00010738047e-05,4.35550224229e-05,9.36258599468e-05,7.25024960845e-05,5.46389458018e-05,3.79460742559e-05,3.2516829505e-05,8.12018204582e-05,6.65442894839e-05,2.81165764719e-05,2.39105030958e-05,6.1436191541e-05,7.00599727157e-05,8.39889111815e-05,4.75845859631e-05,-1.42533308683e-05,9.6047202417e-05,2.92694454587e-05,9.29478050807e-05,8.16867236139e-05,7.34151496258e-05,2.32439006639e-05,6.26679862572e-05,1.41788707966e-05,3.79406947908e-05,7.36784603096e-05,2.85526577925e-05,0.000133371759536,3.73889375233e-05,4.6653580923e-05,8.96703503191e-05,6.52235342776e-05,3.62651598389e-05,1.98319761912e-05,5.12144030565e-05,8.67640943297e-05,-6.30553308645e-06,6.02248158976e-05,6.19498852162e-05,6.54510709391e-05,4.10694704233e-05,2.47490450937e-05,0.000116176315029,5.67852345469e-05,3.40677251199e-05,1.63156054549e-05,4.95703353818e-05,4.29622460401e-05,3.02289999908e-05,6.18121018968e-05,2.66780688393e-05
UAL,1.82008147526e-05,5.45053392079e-05,5.60889509932e-05,7.11218720236e-05,2.86590544291e-06,6.27024318839e-05,6.26602320334e-05,2.23575525033e-05,9.84943573333e-05,0.000327472321515,4.78127617483e-05,1.86976464542e-05,7.19058799242e-06,3.58954364414e-05,1.4722840939e-05,2.43437973885e-05,8.41854636106e-06,3.63621380844e-05,1.66238445415e-05,7.10079674996e-05,2.12607690759e-05,4.6457490843e-05,5.407889879e-05,-1.50463824868e-05,2.65606463703e-05,4.35895236955e-05,4.01763112218e-05,7.84165656101e-05,1.92185599106e-05,5.28596807535e-05,-1.73931534549e-05,5.57762699971e-06,7.59624884118e-05,6.68891455732e-05,5.85951130275e-05,9.25611478568e-05,0.000103736549378,4.45437691861e-05,8.04289163032e-05,4.81049535451e-05,3.98458070058e-05,9.21334100334e-05,1.66860560276e-05,4.22690193903e-05,2.76268960298e-05,3.71385498376e-05,5.90451075045e-05,6.25130772988e-05,5.83298658182e-05,2.98805589391e-05,3.22116821683e-05,9.03417406862e-05,7.19165165259e-05,4.78366834159e-07,-4.52270169711e-05,5.37534272732e-05,4.68418340259e-05,2.20853713798e-05,2.94687859052e-05,6.95483502991e-05,6.52207679728e-05,4.89763802053e-05,8.06182939739e-05,1.59871572797e-06,2.38286096317e-07,-2.57628649502e-05,1.37433801935e-06,5.29975556789e-05,2.51201440114e-05,6.05115461097e-05,4.31023995529e-05,7.71999685381e-05,5.68432368641e-05,-1.94075123372e-05,2.90660365356e-05,-6.95641090715e-06,7.52648027222e-05,3.02141631618e-05,-6.86940476603e-06,3.29153927315e-05,6.26192566183e-05,2.74438100586e-05,5.44203683481e-05,4.19850672785e-05,8.05701935112e-06,6.3272409945e-05,-5.927632479e-06,1.776405618e-05,8.22663184907e-05,6.74083519091e-05,3.42411746852e-05,5.73825544677e-05,3.13323469008e-05,3.95285591056e-05,5.57823742436e-05,4.85488007449e-06,0.000259616619103,5.4805396072e-06,7.54224112688e-05,7.7914474109e-05,4.84821143096e-05,5.44001310373e-05,1.50590165756e-05,2.03885662307e-05,0.000101601045391,-1.33951190978e-06,5.20460426934e-05,5.87387951203e-05,5.83164650385e-05,4.69941521966e-05,4.97024231757e-05,7.02796238467e-05,7.0377092945e-05,3.28627039512e-05,7.88401208317e-07,8.10600221241e-05,3.69441586456e-05,9.60705292122e-06,4.08319051052e-05,1.84197456636e-05
LYB,1.84032785878e-05,4.40055064134e-05,4.14950849436e-05,4.70584879619e-05,0.000110979551814,4.3388894774e-05,7.86838814954e-05,2.50389128677e-05,8.47568138891e-05,4.78127617483e-05,0.000152872618432,4.11660947037e-06,1.6587976756e-05,6.18493477689e-05,2.38915564598e-06,4.12288375097e-05,2.86459228955e-05,1.84269000556e-05,2.13203933369e-05,3.25054002965e-05,9.80309174705e-06,7.44928601981e-05,4.17516296502e-05,2.4724691157e-05,4.12199930778e-05,4.43840466574e-05,1.58591071282e-05,5.82217089302e-05,1.4634330307e-05,4.57997286518e-05,6.69761015993e-05,2.86615660601e-05,4.65045338696e-05,8.91828567716e-05,5.60616461678e-05,6.40593169086e-05,4.44575312137e-05,7.23259873718e-05,4.56676265273e-05,4.24436981313e-05,2.06923093422e-05,7.86371959993e-05,2.32684420117e-05,5.17550962413e-05,2.28659028503e-05,5.62302656192e-05,1.48798516912e-05,-2.78287215775e-06,7.67065030775e-05,1.15528703021e-05,3.84003546432e-05,7.23492622025e-05,3.14782792031e-05,5.93351512063e-05,0.000118340322229,1.18830494556e-05,5.90500899718e-05,-9.32806476892e-06,5.74253746066e-06,3.3462132686e-05,6.25929152426e-05,7.44730683942e-05,4.19568581209e-05,6.60051364851e-07,1.95436534683e-06,0.000126462834876,3.92608058688e-05,3.87560576661e-05,5.97326950684e-05,1.76518608931e-05,2.59684337947e-05,8.84490826097e-05,5.84878613192e-05,0.000134549703912,9.82214335381e-06,5.17633826145e-05,3.1576530334e-05,7.31817815788e-05,2.44094892623e-05,1.38864257989e-05,6.49829751899e-05,4.48976487871e-05,2.83111622014e-05,3.44512963952e-05,7.71605601968e-06,7.07660010214e-05,2.58535666489e-05,5.29932320376e-05,4.90480458683e-05,2.85742746318e-05,2.32828716846e-05,4.42726869436e-05,1.43129652764e-05,3.42024760454e-05,3.08251292684e-05,4.75660590613e-05,6.94521019254e-05,2.88933151262e-05,3.29359078582e-05,6.88058018504e-05,4.06421433811e-05,4.20558127858e-05,2.53345296312e-05,2.49683758246e-05,3.41962755693e-05,-4.76698388513e-06,4.18320669692e-05,3.43141447587e-05,5.29154387586e-05,4.08589325409e-05,3.368518169e-05,6.51096512743e-05,5.74637565843e-05,3.06918178582e-05,2.47668753595e-05,4.14537641753e-05,4.36292511473e-05,2.34026804506e-05,3.58764014848e-05,1.87098369941e-05
KHC,1.0845263706e-05,5.00578316994e-06,2.33621419495e-05,9.41620254847e-06,-8.09556410802e-07,-3.76414843061e-06,2.05786057403e-05,1.65590668635e-05,5.58996451356e-06,1.86976464542e-05,4.11660947037e-06,5.21512093931e-05,3.1493418965e-06,5.28907644482e-06,2.06688684975e-05,1.57511651309e-05,3.4732666963e-05,7.14280033181e-06,1.07428941254e-05,1.35633931458e-05,1.64258819337e-05,3.73939645806e-06,1.36642245584e-05,-7.58554764801e-06,1.41360511261e-05,5.27014225502e-06,3.03177968432e-06,1.44930746145e-06,5.29007737377e-06,9.97697554003e-06,-3.48688283383e-06,1.33104529933e-05,1.05020902726e-05,8.26258147628e-06,8.27095303569e-06,9.95846222168e-06,2.80462352771e-05,1.14478563354e-06,3.10996366052e-05,3.82849980094e-06,1.12167105286e-05,1.75634707902e-05,9.22730112387e-06,1.54161664049e-05,6.6697959957e-06,2.00617545401e-05,1.2433027878e-05,6.81419774519e-06,2.17687601604e-06,1.9983693398e-05,1.57154981905e-05,9.01127772784e-06,1.36406779125e-05,2.46256229091e-06,-1.27537682031e-05,-1.93142635434e-07,8.89414655955e-06,2.03751728897e-05,4.00546431937e-05,-3.93151641934e-06,4.16765594397e-06,5.45448890158e-06,1.80832599844e-05,1.48587409348e-05,1.90292311742e-05,-5.19404184476e-06,3.29372974671e-05,1.56650538573e-05,7.30149363273e-06,-1.67067054639e-05,1.48919828937e-05,1.04906080562e-05,-1.59081808916e-07,4.72822863976e-06,1.61500690485e-05,1.09691109302e-06,-3.9208232808e-06,1.89859230357e-07,1.77220373837e-05,7.41706964966e-06,7.65118918971e-06,9.26710641648e-06,1.42061220518e-05,-9.66702878728e-06,4.286478357e-05,-5.79056420324e-06,2.47879140043e-05,3.48741609132e-06,7.77331352437e-06,1.34209453185e-05,7.51555810343e-06,3.67920773467e-06,4.752500584e-06,1.94815953666e-05,1.1680618722e-05,-1.51113035414e-06,2.01431021336e-05,2.50614193766e-05,-6.06624968517e-07,-2.3919160888e-08,1.53568475259e-05,1.09793475034e-05,7.69873530145e-06,1.07786790546e-05,2.59540049427e-06,1.78487144614e-05,9.6437375918e-06,1.2720587296e-05,1.28904274089e-05,1.5502671398e-06,1.83737147584e-05,4.84048659261e-06,1.27779677509e-05,5.30796731639e-06,4.25904015235e-06,1.75107509647e-05,8.1470406373e-06,1.54987699904e-05,1.38586052969e-05,5.73703482489e-06
WTM,2.3096505399e-06,5.53622936677e-06,1.12323463886e-05,2.78996816352e-05,2.59329871178e-05,3.74120817566e-05,2.46874587085e-05,-5.25304540271e-06,4.70116081274e-06,7.19058799242e-06,1.6587976756e-05,3.1493418965e-06,5.01824956699e-05,1.00956232523e-05,-1.67677788744e-06,2.14108503634e-05,5.57721229771e-06,7.2090560697e-06,-6.73711241429e-06,1.11472514554e-05,-1.5776104011e-06,2.07096988583e-05,6.05054058625e-06,2.67401123781e-05,-4.99258993385e-06,5.00829940847e-06,1.37833299683e-05,1.2439512372e-05,-1.70513054351e-06,6.23147336977e-06,8.93021683143e-06,1.3482861193e-05,9.0980454659e-06,1.76325815807e-05,1.03966334128e-05,1.79855941224e-05,-1.47845433271e-05,1.33268298861e-05,-7.60944779266e-06,9.60921190885e-06,5.5146342504e-06,1.0330525388e-05,-8.51055464825e-06,4.03519099893e-06,1.28219472518e-06,9.76684778083e-07,-4.92802327215e-07,1.02012752199e-05,2.99724006533e-05,-5.27356763379e-06,1.51611367821e-06,-2.77267254463e-05,4.1067634733e-06,5.59617732983e-06,3.17456203643e-05,2.36936921444e-05,1.49794546142e-05,-8.40766154727e-06,4.33620723668e-06,1.78805586266e-05,8.10114645994e-06,7.43247401134e-07,1.61670913212e-06,2.13380393796e-06,4.62414149859e-06,1.88302771988e-05,7.25297519605e-06,4.43972497527e-06,8.31332706255e-06,1.50721575263e-06,-4.65269086e-06,1.51134146327e-05,6.23344560083e-06,2.23805070361e-05,6.62432647838e-06,3.80668346757e-06,1.36917475319e-05,-9.12853078021e-07,1.0664205176e-05,-4.95601334674e-07,6.40441571381e-06,1.70830166122e-05,1.20454826567e-05,8.5054904093e-06,6.75351029787e-06,2.16495530874e-05,7.7063607032e-06,-6.61093533915e-06,2.18000170281e-06,1.14273340139e-05,9.2472972651e-07,-1.77391425633e-06,-6.3803354406e-07,-1.54408498731e-06,1.57685927217e-06,5.70811704787e-06,1.86961198301e-05,1.57043913053e-05,1.51791873574e-06,1.01647780886e-05,1.97813008225e-05,-1.40795380544e-05,3.97384825402e-06,1.34838343086e-05,5.38952172987e-06,2.55749243571e-06,1.04433691011e-05,-7.39683288341e-06,1.07343917019e-05,2.90492679445e-06,-1.67519994699e-06,1.93951555952e-05,-1.82678383823e-07,2.49812463995e-05,1.65423781333e-06,-1.09652771794e-05,-2.19101887871e-06,3.12377142325e-06,4.92037123839e-06,6.94875933393e-06
LPX,4.10862886401e-05,3.22425310496e-05,3.74980958195e-05,4.29139285776e-06,5.10618337625e-05,7.70702072942e-05,7.66144570933e-05,7.64323082101e-06,7.85880758466e-05,3.58954364414e-05,6.18493477689e-05,5.28907644482e-06,1.00956232523e-05,0.00020841785278,9.32067449304e-06,3.36570677702e-05,2.18725270554e-05,4.45629373831e-05,1.29229355467e-05,2.09765487036e-05,3.03969709831e-05,7.04462133333e-05,6.22330003289e-05,2.68423213327e-05,2.54316250648e-05,5.42127788395e-05,3.72629207531e-05,5.18608803448e-05,1.4571854977e-05,1.78054064031e-05,3.21914227229e-05,2.03022555914e-05,4.57568098703e-05,6.49908226979e-05,6.22331963475e-05,3.33980804761e-05,3.66393532014e-05,3.18014210794e-05,2.69479926707e-05,2.95507522183e-05,2.81015000833e-05,8.87523409098e-05,2.14391964338e-05,4.96997613758e-05,4.86185067696e-06,0.000105341809832,1.80783398544e-05,-1.16290078268e-05,3.47624987924e-05,1.54230359841e-05,3.95461961447e-05,1.39371766196e-05,3.89267968481e-05,4.34245259001e-05,9.11065195708e-05,5.73577897214e-05,6.06756511082e-05,1.47988729048e-05,1.27791822241e-05,2.11023515153e-05,5.50595687047e-05,3.24076654598e-05,4.78596069414e-05,-7.6816173425e-06,9.66743159748e-06,9.06181318803e-05,1.54849444162e-05,3.91364446459e-05,3.81865932779e-05,3.3101339556e-05,3.07182974188e-05,6.5396437189e-05,4.37645540737e-05,6.49896044653e-05,2.83561723757e-05,2.92653326647e-05,3.66129422494e-05,4.58214464186e-05,2.72394933052e-05,2.52166641972e-05,4.21600530308e-05,6.26244477369e-05,3.15962433465e-05,5.52622006397e-05,1.7274897772e-06,4.8597102477e-05,1.73522316006e-05,6.02719131559e-05,5.81898270873e-05,4.12533821313e-05,1.10182076554e-05,6.85403062876e-05,2.05882118806e-05,2.44429708101e-06,5.76903540525e-05,2.59977580335e-05,5.21383984402e-05,3.17727214446e-05,3.25028680502e-05,5.29773319019e-05,6.16687382684e-05,6.41315566025e-08,-2.80778619061e-07,1.68133097659e-05,2.16483183045e-05,5.94869458283e-06,4.25781903533e-05,5.93714261164e-05,4.76676058666e-05,6.75715367083e-05,1.59507254581e-05,6.20350009789e-05,6.56338425018e-05,1.70227798274e-05,2.81464589897e-05,6.41713756579e-05,3.006311558e-05,1.41121939594e-05,3.29516538704e-05,1.889634018e-05
PEP,5.04298869821e-06,4.63374632854e-06,1.34945603585e-05,-2.45237627855e-06,-2.68797492255e-07,-3.06691315814e-06,1.57320852683e-06,1.87042345206e-05,6.95855765604e-06,1.4722840939e-05,2.38915564598e-06,2.06688684975e-05,-1.67677788744e-06,9.32067449304e-06,3.16344973111e-05,3.25521929938e-06,1.49683306704e-05,4.14327184538e-06,1.19638250769e-05,1.4514963992e-05,2.86896221037e-07,3.48365351953e-06,6.9101607655e-06,-5.19988589791e-06,1.62123970671e-05,2.05114802748e-06,3.68797506388e-06,1.63679159447e-06,1.12167480679e-05,6.72015619848e-06,-3.22505575339e-06,2.10880915411e-05,7.73852197085e-06,9.39902789704e-06,6.18351334842e-06,1.07837150303e-05,8.95357231138e-06,1.53419919705e-06,9.11490113513e-06,9.93232138508e-06,2.95230522907e-06,5.44511412705e-06,1.57198615298e-06,1.68642809971e-05,4.90011319216e-06,-3.46243641702e-07,9.2100195231e-06,1.26279631788e-05,-1.59676195984e-06,2.4029519331e-05,5.04640552704e-06,1.34884810311e-05,6.80912655999e-06,3.94142779649e-06,-5.45750807639e-06,6.88004620989e-06,5.27595015737e-06,2.13388183571e-05,2.12800112512e-05,-8.77744054606e-07,-1.78145902796e-06,2.16010402754e-06,9.33860959367e-06,1.5425962097e-05,1.94603508785e-05,-1.69215810408e-06,1.55781076848e-05,4.80392184992e-06,6.34925920034e-06,-1.42094110238e-05,1.1666503041e-05,2.57500835557e-06,-7.68449413973e-06,-3.06734741773e-06,1.7120046493e-05,4.70138348518e-07,-4.077471911e-06,3.1569242213e-06,9.39416145034e-06,8.56622700292e-06,1.10795217676e-06,3.21631115159e-07,5.76123980297e-06,-3.84496544285e-06,1.76416476999e-05,-8.31325526177e-06,1.62271349654e-05,2.83987060465e-06,1.18549005572e-05,2.58802758443e-06,6.29985261464e-06,-2.14840071087e-06,1.00285064926e-05,8.98833728317e-07,5.51503883956e-06,3.6823095398e-06,1.68288870567e-05,1.10968035995e-05,-1.91045326893e-06,-5.00040313878e-06,1.18063478862e-05,2.8126480414e-06,1.34597141191e-07,2.59981494778e-06,-1.16724995799e-05,1.54282855488e-05,7.52776016496e-06,1.03564043226e-05,1.15130156146e-05,-4.77705775314e-07,6.33128386841e-06,4.59884547989e-06,4.30247761052e-06,-4.6609468733e-06,4.9219192103e-06,1.41996453024e-05,4.37301141606e-06,9.36457563339e-06,9.97147191747e-06,2.39623232704e-06
GPC,1.47624550301e-05,1.99635550608e-05,3.04600692977e-05,3.06319018177e-05,6.3023550354e-05,7.91570879061e-05,6.38654523908e-05,1.83179001168e-05,4.63754962086e-05,2.43437973885e-05,4.12288375097e-05,1.57511651309e-05,2.14108503634e-05,3.36570677702e-05,3.25521929938e-06,0.000143942930763,2.69617364429e-05,3.93929028059e-05,3.45711400502e-05,2.7533459399e-05,4.50840739685e-05,9.60316253591e-05,3.51315501446e-05,9.40072990096e-06,2.23847221508e-05,5.93919659988e-05,2.66433845182e-05,3.95221009173e-05,-4.363523156e-06,3.32930979564e-05,4.28573849913e-05,1.86772033156e-05,2.4452699161e-05,0.000100977491293,5.8801008704e-05,5.46332886313e-05,-8.50047582835e-06,4.25544860172e-05,-8.48779628729e-06,6.23678837569e-05,4.64141392545e-05,2.29363468079e-05,7.5214889322e-07,4.6028948694e-05,1.01541540736e-05,-0.000100866499648,-8.60387097845e-06,2.39440663407e-05,-3.37439245488e-05,-1.07387332882e-06,4.33100470948e-05,-1.70362710853e-05,1.02676981779e-05,2.66929465677e-05,6.76531618447e-05,3.77354303641e-05,4.35048695928e-05,3.00417398969e-05,1.86064300246e-05,1.09150660241e-05,1.30908210025e-05,3.47818317575e-05,1.42756700717e-05,1.26163803884e-05,1.06694412798e-05,5.60079674991e-05,3.9899148254e-05,1.13057270932e-06,3.47049405364e-05,5.06798330456e-05,-1.88493812738e-06,5.66891602582e-05,3.50743446942e-05,5.35377581995e-05,2.14088459171e-05,3.63252374593e-05,2.33954436279e-05,3.4481523485e-05,5.49691060907e-05,3.6804669603e-06,3.54734557229e-05,4.88059203487e-05,-2.77373429077e-06,2.54417062352e-05,2.50831199496e-05,5.6214799751e-05,1.79179157014e-05,2.94493105048e-05,6.82197808799e-06,4.82165208341e-05,5.63104805908e-06,2.22031876466e-05,1.00735327152e-05,2.67029140724e-05,7.11174980553e-05,1.91092335464e-05,4.14878634634e-05,3.11906997008e-05,1.85974316911e-05,2.0789696083e-05,5.71459843601e-05,3.02913359592e-05,3.62418277865e-05,5.91112502849e-05,-3.1235799775e-05,1.82471583672e-05,3.22548707119e-05,1.36892947467e-08,3.74742832265e-05,4.48232130844e-05,1.5132737421e-05,0.000121795944449,3.21041618926e-05,3.71045604042e-05,2.36994439506e-05,2.00831184187e-05,1.9671044962e-05,3.07876854557e-05,2.72380720098e-05,3.23896417435e-05
HRL,2.35354426114e-05,6.36170807633e-06,2.56326638809e-05,1.44422936872e-05,4.56678920874e-05,1.52138201569e-05,4.56388598127e-05,1.54391527735e-05,2.60488260607e-05,8.41854636106e-06,2.86459228955e-05,3.4732666963e-05,5.57721229771e-06,2.18725270554e-05,1.49683306704e-05,2.69617364429e-05,0.000131179991891,1.88920436943e-05,1.96509850685e-05,1.8460567373e-05,2.69152601821e-05,3.24934344598e-05,3.4650839786e-05,-2.90993575629e-06,2.7745428662e-05,2.98204463353e-05,4.8010553194e-06,1.44943935476e-05,1.05793411968e-05,2.27724608146e-05,1.89007414051e-05,1.4715054277e-05,1.22581615871e-05,2.61038234981e-05,4.09261265991e-05,3.24514795987e-05,1.98195851514e-05,1.21795134642e-05,2.0736430951e-05,8.36232785871e-06,9.73348601873e-06,5.33980654648e-05,-2.05754201529e-06,2.72912188835e-05,9.45876242756e-06,7.74965672994e-06,1.09226486338e-05,1.45436540103e-05,2.14117836685e-05,7.06341998136e-06,1.81754488384e-05,1.87095730437e-05,1.69795601793e-05,3.74584576868e-05,1.16694538027e-05,7.42892337106e-06,1.54948157391e-05,1.17193720643e-05,3.73871651478e-05,1.9778778718e-06,1.1590504011e-05,2.48868129225e-05,5.06639314275e-06,8.79864892704e-06,2.22229305621e-05,3.69798173893e-05,4.03819665541e-05,1.73025231169e-05,2.02427325416e-05,3.13817886056e-05,1.88376269419e-05,2.80926619306e-05,9.3191879584e-06,4.77285429098e-05,1.58106610931e-05,2.56691295124e-05,1.48993458031e-05,2.61049999598e-05,1.92936801755e-05,1.70509219826e-05,1.05998785931e-05,2.22079023645e-05,9.81374739022e-06,2.67314396782e-06,6.36019334765e-05,1.89101483385e-05,2.88609800504e-05,7.40381922628e-06,3.24166564511e-05,2.39084081678e-05,2.67005492184e-06,1.91753568301e-05,4.96519450959e-06,1.94076562336e-05,1.5115464528e-05,1.40380399212e-05,1.68960723364e-05,4.2030408262e-05,1.01868502776e-05,1.46738930622e-05,9.59717887283e-06,1.55158844747e-05,1.12162548036e-05,3.56957319083e-05,-7.91057756767e-06,1.85853159545e-05,1.6610023445e-05,2.43962994219e-05,2.28793763896e-05,1.84331526046e-05,1.02436116331e-05,3.11819938919e-05,3.3847532958e-05,8.53236595409e-06,1.10778809192e-05,1.181594509e-05,1.00281306094e-05,1.94159230358e-05,1.94187697935e-05,2.13531947889e-05
GE,9.1523443398e-06,2.03971191978e-05,1.51754321719e-05,3.60781260572e-05,3.54935092773e-05,6.03273373883e-05,4.44307959915e-05,1.4755890763e-05,4.82437642574e-05,3.63621380844e-05,1.84269000556e-05,7.14280033181e-06,7.2090560697e-06,4.45629373831e-05,4.14327184538e-06,3.93929028059e-05,1.88920436943e-05,0.000110963178095,3.93350924804e-05,2.18966056464e-05,2.01024675732e-05,5.83135222181e-05,1.91670075058e-05,2.6776809386e-05,6.3503806806e-06,4.00094848792e-05,5.2044736787e-06,2.61791620824e-05,8.64639443578e-06,1.34949966561e-05,1.34453723604e-05,1.23974301957e-05,2.89957064888e-05,5.61087985666e-05,5.71861445362e-05,3.50532990225e-05,7.60480739336e-06,2.97056741053e-05,-3.77105818999e-07,3.14921827179e-05,1.54288491707e-05,2.86858229354e-05,1.04970898026e-05,3.34231411988e-05,9.65648046346e-06,-1.17765247664e-05,-3.26273607076e-06,2.13070522776e-05,3.03739194385e-06,9.42321692782e-06,3.15168628716e-05,1.86852869585e-06,2.9175769778e-05,4.30678717582e-05,6.44117450095e-05,3.04932787331e-05,3.31317832061e-05,2.10817229209e-05,9.4932624647e-06,1.73660529115e-06,4.16304523798e-05,2.19740608585e-05,2.63212306849e-06,1.09359636519e-06,8.35106176684e-06,5.83584901823e-05,1.28851712207e-05,1.33221855097e-05,3.24938122294e-05,4.53204065008e-05,1.68851015406e-05,4.10801308436e-05,3.60070741824e-05,4.38125590859e-05,1.6848905651e-05,3.19552968965e-05,2.20089430702e-05,3.6395947803e-05,1.02226010429e-05,1.82801957521e-05,2.39455347091e-05,5.29035191644e-05,6.42234721382e-06,3.00926564282e-05,9.99076901381e-06,4.39628582596e-05,2.96594325728e-05,3.92268969082e-06,8.41563855663e-06,4.60565368967e-05,1.07318718723e-05,1.35062791905e-05,1.59227651519e-05,3.55091181976e-05,3.2533982723e-05,3.49595254213e-05,4.67958461513e-05,2.14195971504e-05,6.40081939871e-06,4.41176006131e-05,2.12554205783e-05,1.44059738213e-05,2.92692323559e-05,2.94229665237e-05,-1.09462968057e-05,-6.92478578464e-07,3.6070094175e-05,1.63135038328e-05,2.22963916216e-05,3.70907962593e-05,2.08735577613e-05,6.29777501339e-05,1.80215595881e-05,3.39171486098e-05,2.6291797382e-05,4.25730952969e-05,3.14934501209e-05,1.20647675811e-05,2.19180602499e-05,1.14009599574e-05
