,AXS,AXP,VSAT,BC,EGN,JWN,PAG,AGN,TAP,UAL,LYB,KHC,WTM,LPX,HAIN,GPC,HRL,GE,T,HAS,LVLT,GPS,MAS,VIA,VRSK,SNA,XRAY,LAZ,JNJ,APD,CXO,AES,BEN,KSS,FLS,SKX,AMAT,COLM,SWKS,CRI,HD,ARNC,LLY,NWS,RTN,AMD,PCLN,NWL,FSLR,PM,GRMN,S,QCOM,FTI,NFX,MD,AVT,MO,MDLZ,UHS,MS,JLL,NUAN,ETR,KMB,MUR,PEP,AMGN,KMI,GWW,OTEX,GWR,LUK,WPX,SEE,HPE,WHR,LNG,CASY,MDT,UNP,CL,CA,WAB,SJM,FCNCA,ADM,TRIP,NKE,LEG,LMT,VMC,MMM,CMCSA,BAC,CVX,AAL,CVS,CAH,LOW,PDCO,DISH,DIS,TGT,TWTR,F,SON,CELG,RPM,HOG,INTC,M,MLM,Y,XOM,STX,SLB,ALKS,CSCO,HHC
AXS,1.0,0.399513430588,0.224827898884,0.259979816553,0.205553948173,0.1317592829,0.267457397507,0.123680871294,0.19388292712,0.29721846982,0.296711791487,0.105424742843,0.296418862142,0.0468307830611,0.094672378485,0.193547666125,0.0895220571746,0.260983301073,0.237898233585,0.265294546596,0.140058652519,0.193088648228,0.273725378633,0.0816160591329,0.150525405401,0.175886280285,0.147655928813,0.370882000895,0.0855841763179,0.365815055398,0.0515212756269,0.203698692393,0.414960776553,0.164828313784,0.20891517684,0.295077144774,0.126709915281,0.202157584895,0.121190189465,0.253522715462,0.00976121478498,0.309583879139,0.0489812496746,0.201894146009,0.15676704953,0.0730805375084,0.15050933844,0.149290045213,0.104263939672,-0.0134494935995,0.256591026622,0.0916139877166,0.269183435183,0.0446912370367,0.143425255889,0.228446035224,0.330956615691,0.0145926658561,0.141862619492,0.145009989392,0.472405528146,0.286039808527,0.197106090744,0.0473846738862,0.070596717039,0.0455638666301,-0.0402582213933,0.247023056836,0.251881990665,0.214434664746,0.219366494852,0.26842406817,0.462700580101,0.0958697231571,0.246481722004,0.25353400963,0.286105375123,0.0433779958645,0.110106167027,0.215535630622,0.334837474636,0.0168169435126,0.129329008415,0.155851396149,0.062023113459,0.465348406157,0.14757593564,-0.0691883981089,0.106360130152,0.481268404707,0.183555235919,0.124139100829,0.211850800305,0.297190072206,0.455236269553,0.134610131717,0.344473323761,0.0765971397361,0.1444566308,0.107847753058,0.279309396796,0.197949259529,0.26767395399,0.0483131184222,0.139559029599,0.224493160109,0.248427952425,0.0987367831179,0.238392575667,0.184036535639,0.248388953843,0.212444320453,0.125295772866,0.729782472051,0.0724527971649,0.0276781743846,0.0293695339129,0.13670983997,0.204084139484,0.217784396312
AXP,0.399513430588,1.0,0.317299458597,0.395073846675,0.12641457142,0.158560412428,0.35005168882,0.0949511560778,0.0743540470515,0.345233788574,0.410443165607,0.0813197053463,0.0863371163449,0.271748754304,0.0698309064385,0.188424609007,0.0593086286159,0.224618512222,0.202436119803,0.312529219896,0.141074732186,0.285541369472,0.307176150817,0.0403685321197,0.26939605095,0.456825145749,0.169895033903,0.45999475895,0.246334233447,0.384226254063,0.139907806706,0.0913319338062,0.492594696214,0.307437946453,0.222022205451,0.251831078593,0.287703180548,0.337544001517,0.366590912731,0.33641321633,0.197483479693,0.309996002865,0.134573955938,0.436257348953,0.235908680836,0.194587949866,0.224022339082,0.220610139909,0.128231185083,-0.0464146037054,0.293062200901,0.227695003881,0.326205709699,0.0901559653419,0.174435276995,-0.0751126791604,0.459167337367,-0.0435762665838,0.152121146525,0.163364742728,0.535432893728,0.392368299193,0.311573036404,-0.0390532201141,0.0091071677995,0.177124883014,0.0913637634547,0.314560200214,0.150381311911,0.164284187857,0.258043846719,0.390188481283,0.494281242599,0.139068632517,0.225342349874,0.190040708662,0.349757444701,0.16462268343,0.0417848729464,0.269483209884,0.380853535719,-0.0414860946183,0.169023088459,0.219062687021,0.0635110959604,0.469768315497,0.19631164527,0.190791794821,0.196684904634,0.297689024434,0.318653494968,0.292537654355,0.231462906106,0.229693334597,0.563445997221,0.223608987217,0.378820910072,0.256069600729,0.225574524331,0.226381936006,0.270254798527,0.184002083152,0.224025708683,0.136778747955,0.203603033948,0.426528724158,0.405716626605,0.283893625243,0.412388670524,0.106389605213,0.346101672188,0.282257433717,0.300933161513,0.372207241662,0.190220864401,0.0948390467272,0.157903434127,0.167810844547,0.344332141213,0.152517526145
VSAT,0.224827898884,0.317299458597,1.0,0.313104532447,0.130858856002,0.168721612081,0.204199638319,0.133283708827,0.186265810906,0.210313528032,0.230099637921,0.222079173311,0.105801577102,0.195445362005,0.132349869996,0.170499877497,0.149054488343,0.0985962567589,0.180451819942,0.282145067783,0.251748063752,0.213277800494,0.322093811851,-0.000708424688825,0.268472941364,0.196546264679,0.387734980177,0.271565844848,0.0943909297523,0.310908836704,0.106557652143,0.269510749473,0.306822607127,0.19457480076,0.236527267313,0.142339730868,0.273257800883,0.253709930414,0.271802702503,0.286843442958,0.0736858107249,0.272830675076,0.0510378650149,0.309073281042,0.0161324169888,0.132607944637,0.396493241512,0.16056543695,0.20257685299,0.124712749577,0.280557700902,0.230586983017,0.189411592379,0.0991590265874,0.0844868006058,0.170714039248,0.353884087175,0.111066311957,0.215579805265,0.0575802719393,0.308557655816,0.250417645349,0.324697451386,0.135611249732,0.17546883949,0.0967485171629,0.16427644167,0.222687614193,0.205058670326,0.0808146302486,0.309128390504,0.220425474872,0.274137830571,0.151699358524,0.216638694368,0.128556446225,0.23723654767,0.184348175382,0.288025476621,0.180318316354,0.265128137892,0.208346468329,0.144348197134,0.0724126247403,0.107480095054,0.295867846166,0.162197757746,0.0302567255483,0.0259797596422,0.29696888146,0.101588951386,0.22373569358,0.0834498828554,0.185112962158,0.286716111148,0.105242211233,0.259220710368,0.119950194099,0.192921857963,0.0642385811582,0.268608355339,0.103258213602,0.203499843895,0.174092109964,0.116864586852,0.101998392703,0.280580336784,0.225273135438,0.24925469106,0.0531097699101,0.296986621044,0.158676581089,0.203118013806,0.211459469108,0.0674663492018,0.059479257263,0.0852014414198,0.199973124019,0.290629974721,0.287472198151
BC,0.259979816553,0.395073846675,0.313104532447,1.0,0.165843004117,0.311989346194,0.281703618459,0.0804210311316,0.0882533991546,0.339434783953,0.432048701245,0.0519222276291,0.0383223455332,0.375205305241,0.0683714807476,0.238305512417,0.134519814852,0.28775904168,0.0629999632248,0.225718693644,0.126554187627,0.3828939677,0.404166206224,-0.00126679298905,0.199415329347,0.29231920425,0.241053084362,0.395302442371,0.0728160472477,0.343971162907,0.181529096409,0.165836009658,0.440088213685,0.311972568234,0.279916869853,0.39831670241,0.264679375104,0.334726966633,0.210585961455,0.322444072661,0.33824076995,0.321323562185,0.157816930532,0.30643265271,0.110677679469,0.178775449355,0.183180633201,0.19098192037,0.196187920547,0.0646831642838,0.348843729734,0.172078884736,0.377598024269,0.161666762303,0.211242423734,0.168417643227,0.467815637608,0.035802999274,0.125094073913,0.171776856112,0.419037769732,0.381606922228,0.395349047869,-0.11666632885,-0.0136087051051,0.234990723173,0.07562839551,0.366777259756,0.127067457602,0.147837421774,0.239233374835,0.434705783362,0.373489591663,0.118070352491,0.189931295889,0.210295556814,0.398205863437,0.249064635605,0.150145535476,0.193157921745,0.377852634438,-0.0469694463699,0.323348343067,0.205746627313,-0.077430649648,0.392785214156,0.154496663153,0.280578416619,0.127834792081,0.384613406929,0.216257934576,0.25365755479,0.122752046754,0.213655960075,0.407753557213,0.198373567427,0.44190874685,0.212850867233,0.202739722983,0.38668793252,0.292126087514,0.148368601507,0.138144924272,0.223385110245,0.250634532824,0.396534964659,0.373506859905,0.325067719895,0.354489026403,0.193471885279,0.169897641728,0.281307599639,0.20831123737,0.200305610562,0.13862276076,0.120341764214,0.196639717564,0.314538743063,0.366977024687,0.171833083675
EGN,0.205553948173,0.12641457142,0.130858856002,0.165843004117,1.0,0.11106619906,0.199829237034,-0.0722822578712,0.242547934811,0.00814018245407,0.455552360875,-0.00340962864525,0.183756851352,0.202271605984,0.0909068519387,0.263546970785,0.197951539033,0.170109889072,0.18724665941,0.0643113323442,0.262247475004,0.256117978879,0.205132256868,0.0283143795673,0.135463592203,0.260466351364,0.111787011448,0.244104873067,-0.0140893022762,0.338660048522,0.706773573057,0.247838137227,0.196375848449,0.139612345674,0.400921721182,0.193841015393,0.0490537983659,0.185958846919,0.0510930925984,0.135954856251,0.0778280419387,0.293726826672,-0.0934597940287,0.283341933786,0.0812276818662,0.00965289360309,0.0138930718113,0.0995668829369,0.0889306028232,0.115336300039,0.187520029777,0.031400547608,0.144655697891,0.526123121886,0.731499774869,0.163005604812,0.327017067585,-0.019883758507,0.111241168275,0.10235609526,0.258393961521,0.17266437149,0.152547196172,0.0731118060537,0.0728310385979,0.659702131237,-0.000291208029297,0.00196877809734,0.43808509569,0.166763559848,0.233356508234,0.302975039896,0.2754531694,0.75259204478,0.205878932655,0.233757744386,0.0761850608266,0.481932857592,0.150496063276,-0.0383205166276,0.189124544951,0.0483315884945,-0.156904421595,0.128744850835,0.105118955238,0.233464811348,0.0978261374053,0.164623092206,0.0287665747372,0.127136476724,0.00267675860882,0.136302573782,-0.138558944115,0.108670590412,0.257816170326,0.540880772873,0.0967165598848,0.136087217144,0.186028964729,0.213478393271,0.104757779405,0.244961884944,0.149614240956,0.202417403339,-0.0918011501458,0.265371975763,0.265427572972,-0.0526997530856,0.266659842982,0.10342904547,0.00760519899424,0.0933340553935,0.157137051321,0.140079793661,0.358881647609,-0.012591430424,0.606269358016,0.100270257183,0.0488961733571,0.242960028615
JWN,0.1317592829,0.158560412428,0.168721612081,0.311989346194,0.11106619906,1.0,0.30583252909,0.104242582384,-0.156838568307,0.153027832323,0.154361747512,-0.0238613041528,0.234261428366,0.243795204374,-0.0667741276992,0.292723791673,0.0609810935062,0.253079560945,0.110667571234,0.112624618554,0.190984717851,0.539683873617,0.196420357254,0.122182242806,0.0357413283881,0.169389312269,0.165743148953,0.127371395704,-0.0999247714061,0.145110957102,0.126934973768,0.113348051053,0.233803885671,0.600102460581,0.220734690676,0.226673095801,-0.0189643616022,0.370033798583,0.0427719514539,0.43042632062,0.185616778707,0.0632412092778,0.0963030714912,0.263744923601,0.0147286433018,-0.146443305723,0.0201116514434,0.163812439898,0.134484740692,-0.114562673745,0.165693773667,-0.0476301597549,0.0519670130879,0.214129377654,0.180016831629,0.121571030719,0.171012358657,0.0380431095697,-0.0309591933333,0.154948388966,0.226629955262,0.257880245868,0.163515974885,-0.108468510582,-0.0537930059128,0.21826391784,-0.0269580983529,0.0320975568724,0.205221104984,0.205089245376,0.167836473653,0.185268216142,0.186622522712,0.0196879573939,0.109588587768,0.143682946929,0.203148163996,0.00411279132664,0.330305713046,0.110018568335,0.0635616360981,-0.0436914048472,0.0539329358395,0.152865736448,0.0247091445676,0.301279817284,0.092110908728,0.123538114867,0.0968362685638,0.296995480555,-0.0191185115501,0.212087917935,-0.0170116881323,0.0728392923403,0.234592610911,0.1585726313,0.273668733516,0.209389128706,0.215814756017,0.236610372405,0.143919394443,0.10835733471,0.13703669049,0.484895215809,0.0480171218735,0.281151621722,0.204467713459,0.076113979835,0.0891725979387,0.318418301413,0.101553890046,0.648244170254,0.196884487496,0.125454316115,0.0819948952929,0.069717548575,0.180377138195,0.0505314113767,0.127203689253,0.0384061915258
PAG,0.267457397507,0.35005168882,0.204199638319,0.281703618459,0.199829237034,0.30583252909,1.0,0.124378004064,0.170185063713,0.205507515782,0.381389320207,0.172314896519,0.20487370812,0.335730622064,0.266147648484,0.315324002542,0.234651837423,0.254236403383,0.219358666137,0.261077049505,0.307264537164,0.35834299805,0.412132619758,0.106969492168,0.28967829455,0.34574422677,0.184864659733,0.316109245312,-0.0206020354686,0.253474348528,0.177210000828,0.070947315422,0.387132232333,0.412634464612,0.330790278414,0.254345090311,0.274813126867,0.445567448513,0.291920423321,0.393544486663,0.233573652368,0.149898474555,0.107399161689,0.33011967726,0.200941029296,0.151564114929,0.14634397514,0.139013337898,0.178970711255,-0.0192005627452,0.396479541582,0.207496913583,0.235389711263,0.146724639658,0.265178882098,0.0706552097916,0.287002225638,0.0389240294565,0.162188474559,0.165655151309,0.401314468591,0.373450438707,0.211612069312,-0.0958639066093,0.0470339759154,0.178850550852,0.0118595985941,0.159417373581,0.270079205327,0.102636127631,0.393266254795,0.362204934082,0.392240769868,0.163694284139,0.201617825051,0.171595314988,0.222523291046,0.127086950797,0.126695917092,0.22586065525,0.359179072138,-0.00194959780824,0.138548915042,0.163831940839,0.144521382864,0.280779202022,0.181684079773,0.256869568509,0.161812311808,0.252350715007,0.162712790859,0.237966983047,0.0845422192244,0.214001271242,0.406695005605,0.176367609153,0.276176429425,0.34609590965,0.186171396971,0.271831094572,0.26288662994,0.225020598151,0.155439377477,0.308017838196,0.200412766142,0.488945033724,0.268211770447,0.14225778262,0.293933395589,0.222111682831,0.204063989887,0.327926044783,0.2550222375,0.2244004823,0.144124583545,0.150960843451,0.161118134138,0.139954417626,0.231903715112,0.227446161696
AGN,0.123680871294,0.0949511560778,0.133283708827,0.0804210311316,-0.0722822578712,0.104242582384,0.124378004064,1.0,0.117394592739,0.0955079655449,0.137684676434,0.137728440306,0.0419123571001,0.273971732191,0.112824246202,0.121681215002,0.210085144843,0.0786133426472,0.0265573297687,0.13238036042,0.0627778122152,0.0917186868304,0.204611584426,0.130011734898,0.243770900979,0.0955123354895,0.301365805833,0.120379557471,0.210646144233,0.156847798565,-0.0861525400452,0.0668650484889,0.244109159294,0.0738284158166,0.0429690274544,0.128699292944,0.0542724523184,0.0644526087174,0.086401574626,0.116574828207,0.0292297360527,0.0931759793554,0.30290414871,0.259510097955,0.0480499334472,0.0594776061893,0.295258411247,0.00482800674849,0.0306059562251,0.0916882560844,0.176084464247,0.0164005424592,0.0598452673673,-0.100662186081,-0.0977670205812,0.169815872307,0.14112981698,0.0879698973215,0.0668822376711,0.117499690462,0.0649972988583,0.27660177732,0.053139057009,0.125780452262,0.0925904964967,-0.0983392347674,0.0811087538747,0.368958439256,0.211268009606,0.082828514627,0.180033975631,0.0844584281528,0.070034884561,-0.14830218349,0.0388815787747,0.0513359958092,0.187863121935,0.19232213277,0.115435937266,0.34222528576,0.0918222111263,0.0549798390337,0.272979117277,-0.00553882006761,0.094711070053,0.151082103955,0.0685852700659,-0.0514228719427,0.0956864627263,0.131106584057,0.085190574078,0.145142944439,0.17667745376,0.0294586879833,0.0100617806831,-0.0685931779161,0.0553130647127,0.249009443506,0.301663176878,0.0728696952414,0.381799598934,0.136122446103,0.126442120223,-0.0664806186148,0.160908684651,0.0828089882051,0.0741656018381,0.428896960945,0.0667167586796,0.18870893261,0.0566453796689,0.11981780219,0.169558660392,0.171985534986,0.105784622713,0.0574061209337,-0.0467901758911,0.36326397246,0.210587952205,0.162003114688
TAP,0.19388292712,0.0743540470515,0.186265810906,0.0882533991546,0.242547934811,-0.156838568307,0.170185063713,0.117394592739,1.0,0.119590936638,0.197755998944,0.222304685604,-0.0691724789892,0.0706549322315,0.123798448587,0.147563328301,0.126548864307,0.134139144127,0.121087972229,0.17170202249,0.224022432634,0.0845039395263,0.233483328438,0.0533067895365,0.304682468681,0.236135188418,0.0815047847317,0.0493309864432,0.041965632972,0.220003897605,0.163895716374,0.280727981857,0.148640046069,0.0473063975081,0.217713632311,0.183429370865,0.0418982747584,0.106898084737,0.0957723248332,0.149224888768,0.0943251162547,0.19053236186,-0.0316345499363,0.132413761854,0.074222216774,-0.0787225831247,0.130210822683,0.188313669983,-0.0548501100498,0.225376465897,0.393147688796,0.365956759081,0.178418874185,0.156580842625,0.11108045984,0.127493158217,0.170765936653,0.176061453795,0.166002994429,0.0974005920457,0.111828305017,0.155717808966,0.185806935046,0.123747854206,0.192797121405,0.191625242222,0.311025671282,0.00821896049477,0.164753770534,-0.0885920167148,0.203148251389,0.232598176853,0.146341168662,0.332186894033,0.268465049424,0.0609384203166,0.106356884381,0.237819237963,0.024442723793,0.192274417162,0.112249048228,0.075848407011,0.00602715855808,-0.0237531059885,0.0732856918684,0.0259270750015,0.165921905844,0.200670039464,0.0157605834643,0.128812622166,0.131296181678,0.0527373312841,0.136999859838,0.189892263591,0.0575500582799,0.153323036992,0.0898431771756,0.0717393703261,-0.0833679194881,0.170884981631,0.150899450826,0.214767856659,0.170971521507,0.0384835141258,-0.0103737994759,0.1321569354,0.204375021979,0.00822147644678,0.165015470575,0.0162706853456,0.130641908093,0.0247726954963,0.0549593167501,0.109562028857,0.088325903924,0.0104758497466,0.187380111067,0.00898233718063,0.195160846532,0.132831287541
UAL,0.29721846982,0.345233788574,0.210313528032,0.339434783953,0.00814018245407,0.153027832323,0.205507515782,0.0955079655449,0.119590936638,1.0,0.213736026684,0.14351705623,0.0548857509183,0.14269998674,0.00445000381363,0.111286494372,0.0398606144454,0.191522613496,0.0942506860917,0.30005329774,0.104117572513,0.12913838824,0.290508178093,-0.0364601158792,0.150007713141,0.201690565213,0.194869799038,0.331794891947,0.15127247632,0.336491959906,-0.0582648400631,0.0284216085501,0.385839216838,0.175817586285,0.199221224554,0.267293194721,0.336029324838,0.184046310739,0.300181222484,0.221398390097,0.250472883641,0.272234784217,0.0917397899557,0.19173869786,0.209017646594,0.0541784647936,0.293195808456,0.233442745,0.125985808322,0.196414246066,0.177558947145,0.191316922899,0.360285377793,0.000106484067437,-0.109139042654,0.148877126831,0.195688057499,0.109115277962,0.189687553492,0.28819232874,0.270098087065,0.18593363052,0.308439276132,0.0128411594986,0.000953567684294,-0.0657776049757,0.141651046786,0.26138650028,0.121992656598,0.198641357807,0.214984143887,0.319510437483,0.261548910204,-0.0369553461552,0.12802415966,0.160581164168,0.328520991753,0.101420476363,-0.0313927798634,0.235826319366,0.339977257475,-0.00968631674404,0.186740765979,0.16231594317,0.0426097520145,0.23348808683,-0.0264657218333,0.0496890838353,0.0342414410652,0.313669397189,0.280191771916,0.206441678916,0.237639338374,0.198754169785,0.312655996338,0.0292816578914,0.7652351342,0.0278584601988,0.285623312843,0.260744673223,0.191792412115,0.204934889055,0.0929966189093,0.0793885437014,0.258444012866,0.137871845791,0.287920040599,0.278123054458,0.28073894616,0.190152678739,0.310123475645,0.15103793092,0.231917816265,0.174633922359,0.00324127103784,0.175074971954,-0.0378042709403,0.278743615195,0.216317412584,0.1074491882
LYB,0.296711791487,0.410443165607,0.230099637921,0.432048701245,0.455552360875,0.154361747512,0.381389320207,0.137684676434,0.197755998944,0.213736026684,1.0,0.0427624044269,0.191101520496,0.345131220674,0.19346264943,0.280900961616,0.212334854663,0.141426273007,0.180844213291,0.203041150504,0.0670515053287,0.301223887771,0.332442319973,0.0900459313123,0.348234222371,0.300372571974,0.114342327867,0.368519523169,0.16824923453,0.425845317849,0.330892690224,0.209004368411,0.34611700693,0.340348487175,0.277338614758,0.274029681224,0.220201378243,0.445672063637,0.250500464751,0.287679018218,0.195182726163,0.332418762364,0.189887865507,0.345348549963,0.25714708588,0.120248703413,0.111936542197,-0.0100960583648,0.239092802814,0.108680230105,0.309229876907,0.223201709739,0.232327023081,0.313863912961,0.420665159771,0.0485823108476,0.361715232618,-0.0737210674364,0.057178662325,0.205868007628,0.380395637852,0.410894822849,0.239374630034,0.00894477165175,0.0229615062866,0.472876511057,0.0314593975938,0.281280926456,0.424374392035,0.0858816712657,0.196760971225,0.541049029803,0.398764075518,0.379395089526,0.0623597589537,0.275213851153,0.204575344239,0.369804037531,0.160682315857,0.146593867151,0.515500740996,-0.0499736065463,0.144432918987,0.197769039499,0.0582831380065,0.387811758784,0.172151728441,0.203466953251,0.119518662979,0.196548934849,0.278219541348,0.234663897194,0.157795203148,0.252945543392,0.403775725066,0.424871125742,0.30146570683,0.212854468394,0.180728651245,0.21399887988,0.234074072744,0.238940532612,0.224531816797,0.144133689425,0.126461354299,0.332142921669,0.344283040126,0.244993217451,0.374854387751,0.236383796252,0.312773841552,0.205610272872,0.28116704386,0.243360433468,0.272408181622,0.132272461647,0.415995674324,0.242029545467,0.28074405874,0.164540525251
KHC,0.105424742843,0.0813197053463,0.222079173311,0.0519222276291,-0.00340962864525,-0.0238613041528,0.172314896519,0.137728440306,0.222304685604,0.14351705623,0.0427624044269,1.0,0.0640251230463,0.0347738260018,0.275010736013,0.185337200268,0.433351542264,0.0931534671709,0.157200945562,0.145337182128,0.199200438593,0.0244428443994,0.18784619911,-0.0490699821118,0.207061647548,0.0613251218896,0.0375327885917,0.0223001972296,0.103274101161,0.157748959467,-0.0299490919413,0.165617209191,0.133838575516,0.0516830957072,0.0688385747876,0.074847557894,0.239488468355,0.0177919566738,0.29134079602,0.0458434001991,0.182228994646,0.122288267373,0.129761784417,0.176894365796,0.129490703826,0.073486327611,0.157083472116,0.0696917550542,0.00940067142805,0.328392921344,0.216597910791,0.0465332334341,0.172948801505,0.0240615577074,-0.0782148815999,-0.00158917741742,0.0933435777603,0.248307467875,0.647768130833,-0.0383005770336,0.0436306982238,0.0493348714107,0.176806643213,0.284766205743,0.344967965443,-0.039171779434,0.5026254963,0.194829138094,0.0876090096632,-0.136617456285,0.193279390269,0.112806872141,0.00210660569591,0.0234095579089,0.180400136265,0.0868771777065,-0.0403087957795,0.00712659638772,0.200827253892,0.133706007348,0.102855504962,0.301682311447,0.123502866275,-0.0916171827592,0.536540653669,-0.0467721256485,0.283100615848,0.0201708326282,0.13707159256,0.15959991793,0.152884032226,0.0341657338563,0.0893596394653,0.2436447665,-0.00142741504404,-0.0247488553636,0.150649724361,0.315814124424,-0.00815132523532,0.139643594466,0.150266399747,0.109647296233,0.115129685129,0.106745201908,0.0154011749477,0.118203714707,0.139140660562,0.156744134555,0.156913915054,0.00980520076033,0.293093654661,0.0266227418667,0.109127838171,0.0747770605559,0.0798049612496,0.0957631244299,0.0182727342032,0.0651217752651,0.185663899068,0.0882546895261
WTM,0.296418862142,0.0863371163449,0.105801577102,0.0383223455332,0.183756851352,0.234261428366,0.20487370812,0.0419123571001,-0.0691724789892,0.0548857509183,0.191101520496,0.0640251230463,1.0,0.108907930599,0.0577616579556,0.249367271795,0.0625050106114,0.098790816534,-0.10324424273,0.120906652989,-0.0179546601913,0.149330742612,0.080408680807,0.173997540199,-0.0760440654129,0.0649056601999,0.172882261935,0.126380138496,-0.0327044513451,0.101818470088,0.0779107712744,0.173505233001,0.117868684266,0.120981663129,0.0948140467762,0.134272481667,-0.135160920975,0.135894578517,-0.0712109940332,0.114606849428,0.083548641615,0.0830278474657,-0.122734199882,0.0447519148326,0.0265061346144,0.00372873068103,-0.00495660233054,0.093491550432,0.168620983784,-0.0895151254549,0.0219990764171,-0.147087143637,0.0504005324321,0.0455384105142,0.198399276753,0.169725220672,0.160275974443,-0.104397711068,0.0711015582272,0.188992943316,0.0854685634925,0.0105313856262,0.0158419944105,0.0423695584028,0.0809956757136,0.129037790833,-0.0463140235274,0.0543486065107,0.104430222827,0.0131738630564,-0.0642229894705,0.156632705686,0.0709503095447,0.109986647335,0.0716969350084,-0.0166716622872,0.148834175936,-0.0148026565478,0.128841630673,-0.0083306937342,0.0917702645964,0.0443386423822,0.107173389695,0.0823607126926,0.0925940062633,0.203883525194,0.0936133190615,-0.0358119972734,0.030204808578,0.13225338362,0.0226792548691,-0.0176321166633,-0.0116910384403,-0.0115601969821,0.104053061103,0.0889187526344,0.136824485874,0.20326688278,0.0205211214076,0.0170407140675,0.202384337719,-0.134555288924,0.0670952826788,0.133454043422,0.0368181249511,0.218801309508,0.139271406517,-0.0895616185214,0.131994005287,0.0321024928978,-0.0317156705188,0.106816038012,-0.00593838842489,0.337074968621,0.0259714991322,-0.0597799772313,0.051175525388,0.0164300949148,0.0674820036138,0.10073223271
LPX,0.0468307830611,0.271748754304,0.195445362005,0.375205305241,0.202271605984,0.243795204374,0.335730622064,0.273971732191,0.0706549322315,0.14269998674,0.345131220674,0.0347738260018,0.108907930599,1.0,0.0989577030594,0.21527710664,0.181951719249,0.307908301942,0.105388194435,0.125972365264,0.1777481616,0.249243545666,0.460930602764,0.0865219559759,0.22451374025,0.346667801972,0.250948030601,0.314171334621,0.154557126738,0.141996346995,0.143635746646,0.133990889879,0.305329396055,0.212987243507,0.279583863403,0.147146839082,0.198076916066,0.20520121009,0.138043749581,0.188535444828,0.255479476444,0.304428300968,0.162755522859,0.291507041926,0.0778714674403,0.202489138901,0.140208533648,-0.0304282217636,0.0900033259627,0.119252608872,0.279282574634,0.0358805271072,0.263732188574,0.214637865015,0.292565987342,0.211720425966,0.336914708161,0.0648604737516,0.125351632333,0.129305393655,0.302184499353,0.15234750838,0.267549527927,-0.0686875387214,0.106176357967,0.280757367766,0.111269104525,0.262232484668,0.232914760484,0.149137680299,0.239384687571,0.377020677304,0.287341002784,0.170700115172,0.158771708014,0.183440241901,0.22179113221,0.233178628116,0.143021139389,0.244199441442,0.301875295597,0.0388108979717,0.156697324688,0.295809168836,0.0188960821119,0.282874248397,0.0954987764247,0.209912912322,0.0390904232508,0.258747546986,0.117388529049,0.334222720412,0.19821568196,0.0415766936077,0.275084096069,0.201448505086,0.212281499967,0.210520958754,0.155439989275,0.372754068647,0.320368912624,0.0467128558228,0.00405715007613,0.0971880870238,0.0675769761687,0.424759926201,0.325188678472,0.41432752111,0.314995802967,0.327462850645,0.151526247541,0.181390759067,0.302047109236,0.14749643444,0.265426139423,0.188964076517,0.229507839134,0.245390072619,0.249370045816,0.170606956366
HAIN,0.094672378485,0.0698309064385,0.132349869996,0.0683714807476,0.0909068519387,-0.0667741276992,0.266147648484,0.112824246202,0.123798448587,0.00445000381363,0.19346264943,0.275010736013,0.0577616579556,0.0989577030594,1.0,0.192180627457,0.19442037037,0.0741363006255,0.132630095411,0.0676028070643,0.114865687889,0.0819153056607,0.109075091996,0.0625010876495,0.176487727178,0.148896365585,0.0315179851226,0.0559547988811,-0.0394417849672,0.0733145331803,0.107003988762,-0.0180306894282,0.128909280334,0.0856015042361,0.170691321075,0.0690925492599,0.0163902023779,0.168517591657,0.0479173168267,0.121481627147,0.163565756927,-0.0701472998572,0.0018168953049,0.191945907466,0.0025279359273,0.0406499394512,0.0660493500065,0.0128273817541,-0.0201048311564,0.113431816837,0.214447156327,0.0510318458051,0.0822091762896,0.132454711671,0.0811996677718,0.0472326852107,0.121555002334,0.0556152270015,0.260958974037,0.0535331373712,0.0803438583197,0.18265769005,-0.0340556196674,0.0815952823767,0.109540898967,0.0908338002984,0.154327072015,0.0619612498134,0.180817986987,-0.0175189328875,0.109900576682,0.0828060214883,0.0972394646129,0.116551724498,0.0644537879694,-0.00420087535428,-0.00397315407217,0.0507248163505,0.227391159029,0.111894658672,0.0889241276069,0.035168212801,0.0477672618301,0.0384781085315,0.357110172899,-0.013082151275,0.187260347442,0.0426645114157,0.317740754078,0.0799135404008,0.0430385002541,-0.00295993122184,0.0100835849402,0.102250309773,0.0750285150698,-0.00312054152889,0.152457914636,0.268028279769,0.00468038831941,0.178126704225,0.123891147321,-0.0151862268179,0.163286576729,0.210233769975,-0.0434696530014,0.165290616786,0.0901878063437,-0.0283242401334,0.0917356125226,0.0686293676229,0.154331655055,0.0784446868549,0.0790699101191,0.0571398057127,0.0197874668134,0.0270334777416,0.0856634524911,0.14028495109,-0.00433363517759,0.19920571819
GPC,0.193547666125,0.188424609007,0.170499877497,0.238305512417,0.263546970785,0.292723791673,0.315324002542,0.121681215002,0.147563328301,0.111286494372,0.280900961616,0.185337200268,0.249367271795,0.21527710664,0.192180627457,1.0,0.190333867989,0.314260973117,0.295958114245,0.175692889092,0.336717492567,0.404765459312,0.282116438343,0.0384026742929,0.186325131782,0.414008828937,0.195937441705,0.245361032547,-0.0504853218805,0.320837890706,0.219028038602,0.142117085975,0.187508864075,0.402822603691,0.303833886379,0.238199495176,-0.0542691737399,0.260339555327,-0.046762454041,0.433588848581,0.436890961007,0.108781322765,0.00406087464375,0.316077768141,0.115493805468,-0.22245073913,-0.0640715580481,0.130370621653,-0.104239311241,-0.0104906608057,0.362278855518,-0.051835251627,0.075479144803,0.139231046009,0.249145662584,0.159410745209,0.274585910548,0.228577883525,0.179565971048,0.0673098404128,0.081600222215,0.202074675844,0.0811561533506,0.145411682846,0.111349131952,0.223875965237,0.0438548245612,0.00653231258476,0.256793153195,0.251127620496,-0.0201860361572,0.350988628416,0.240851274368,0.155018690124,0.141098548285,0.1325823165,0.15021323165,0.169817711761,0.385932650722,0.0402079969555,0.292820783437,0.187485584252,-0.0129962612302,0.146521831978,0.194586548327,0.309453638116,0.12750314515,0.124046103799,0.171492068967,0.336457094258,0.0725473506712,0.119148777004,0.116568497068,0.205331106672,0.126070250506,0.176639884017,0.180528219091,0.238065805296,0.111429658773,0.499910705452,0.342490620867,0.16883440239,0.334284176749,0.345835053905,-0.117925848185,0.369359728959,0.262751893318,-0.00226868003892,0.27153136729,0.278184090276,0.137836779335,0.394630016748,0.155814312188,0.294257706286,0.267496944643,0.06581963944,0.29582374315,0.0336090766665,0.216999762551,0.281855081322
HRL,0.0895220571746,0.0593086286159,0.149054488343,0.134519814852,0.197951539033,0.0609810935062,0.234651837423,0.210085144843,0.126548864307,0.0398606144454,0.212334854663,0.433351542264,0.0625050106114,0.181951719249,0.19442037037,0.190333867989,1.0,0.161271503573,0.173315785709,0.120715248135,0.217319215074,0.147618822262,0.289156595323,-0.00655534435531,0.235295973711,0.21828639694,0.036821043401,0.0789407084927,0.134935306434,0.235282630209,0.10324086084,0.118330096026,0.0992872729865,0.115968093815,0.224734317944,0.143223652061,0.0774437653183,0.0660611325984,0.122476502688,0.0576746194547,0.0864053180896,0.269975091547,-0.0226603128628,0.196778943121,0.106394884974,0.0180620199368,0.0812688354007,0.0728565246907,0.0798436215487,0.0791078091097,0.16230057918,0.0666442208982,0.132568146552,0.209256569537,0.0472802421181,0.0345692913331,0.103003482158,0.104297845164,0.377681997495,0.0072562869136,0.0756407155378,0.156689047821,0.0234368947711,0.105800484697,0.246500157611,0.165842183143,0.234821983798,0.134431364081,0.160488651436,0.162721507075,0.134626485673,0.176723843366,0.0589471435056,0.145012509414,0.111575447234,0.0728239169459,0.095836696639,0.12738713811,0.149896193156,0.19375053695,0.0953987541746,0.20454246691,0.050279922541,0.0108635863841,0.509630366122,0.098694670952,0.216582861699,0.0414497369533,0.121833554877,0.171491487258,0.0379466973869,0.108041228153,0.0624774592239,0.15200246578,0.0964834710445,0.140217506129,0.0752909664621,0.337050839371,0.0689925737417,0.10675404805,0.0645716156062,0.0791747746842,0.113199498253,0.217627863089,-0.0289589955212,0.174915875761,0.135655100826,0.170507499912,0.172799242245,0.132532507894,0.0908156058187,0.105818188355,0.170660773655,0.0631809700488,0.134748714074,0.0385314852131,0.215019241776,0.177212082793,0.159278235644,0.189412000143
GE,0.260983301073,0.224618512222,0.0985962567589,0.28775904168,0.170109889072,0.253079560945,0.254236403383,0.0786133426472,0.134139144127,0.191522613496,0.141426273007,0.0931534671709,0.098790816534,0.307908301942,0.0741363006255,0.314260973117,0.161271503573,1.0,0.389844367968,0.159389580394,0.169289678259,0.27750070643,0.178266312475,0.113499861268,0.0635975454806,0.311416894398,0.0418898961175,0.196595366683,0.114889922463,0.147010836668,0.0773540826206,0.105419623403,0.25361888443,0.25166418304,0.329383369794,0.173419332466,0.0472996745578,0.213699101819,-0.00246504049508,0.248985141461,0.169220211168,0.143498348324,0.100787281219,0.264245147034,0.1241613547,-0.0293508449256,-0.0280217768571,0.139185260414,0.00998003833043,0.106551997468,0.299395011677,0.00594730676917,0.252083472533,0.267053548845,0.267717896914,0.143252165463,0.237689595651,0.178899298527,0.10495026816,0.0131658116484,0.296876046757,0.141570276743,0.0173631002631,0.0138329684551,0.103714776711,0.256916675851,0.0684794856015,0.112793035938,0.272383088247,0.255190940108,0.146604143535,0.294071939062,0.286217609342,0.144246128246,0.130089408826,0.22803654773,0.167567360495,0.214820442025,0.0804491598525,0.224460675566,0.221510858407,-0.00780680752696,0.0376374355832,0.200855266734,0.0843323617732,0.275397793304,0.232913560002,0.0143042962733,0.0751154162871,0.372056998368,0.149642869617,0.0833481005423,0.207817783842,0.299741435415,0.304224447805,0.367298112937,0.237460268036,0.185049911711,0.0397327931748,0.261828781457,0.142305139465,0.0925867458757,0.300076418059,0.196537655392,-0.0481752523752,0.457013183865,0.34933874907,0.132225915739,0.183898331967,0.257633851628,0.226482119626,0.23183004506,0.103585261153,0.308870806977,0.34490543147,0.158021905171,0.299210686644,0.0506625543236,0.198049695996,0.115192789468
T,0.237898233585,0.202436119803,0.180451819942,0.0629999632248,0.18724665941,0.110667571234,0.219358666137,0.0265573297687,0.121087972229,0.0942506860917,0.180844213291,0.157200945562,-0.10324424273,0.105388194435,0.132630095411,0.295958114245,0.173315785709,0.389844367968,1.0,0.227819267994,0.354348812072,0.162123429205,0.151039947553,0.120037074615,0.246964001576,0.227288823374,0.0236270163689,0.169762140348,0.0797002026282,0.155587006213,0.0820132371077,0.167379983522,0.22644509361,0.165533566339,0.260741407287,0.0859871196707,0.106804082303,0.18192072556,0.112896798849,0.215264134086,0.0847220736494,0.166966519016,0.111270653446,0.215987610672,0.0976948094503,0.119214093522,-0.0376932340318,0.161050820338,0.0273391083005,0.117034965308,0.13473698619,0.134164249312,0.082321586338,0.254965164232,0.219666457651,0.189261061393,0.292089638471,0.293458333423,0.155340690399,-0.233863865326,0.231011805724,0.0460836348051,0.11109783255,0.192012602282,0.16990935476,0.159000825522,0.220718958837,-0.0371589534846,0.34431814973,0.147335832386,0.185274587357,0.13969208881,0.283462575282,0.211606713109,0.0876969190224,0.167005946453,-0.00551607948676,0.118677544171,0.058536099526,0.0896961522119,0.117113313058,0.107039659604,-0.166175981687,0.102399108067,0.145314740213,0.196781766755,0.161810689461,0.00796324539511,0.100411768269,0.200853923868,0.120329026635,0.0189611171247,0.155579607152,0.251034100168,0.219001979587,0.27633395324,0.165150917281,0.114430862828,0.078917501904,0.190173622415,0.154280191457,0.201245227141,0.450723988729,0.101222072852,-0.18269838543,0.246759113319,0.0718808892595,0.0961981055445,0.236812867952,0.292788174565,0.194972385864,0.183025396423,0.0594228773597,0.124163119914,0.232171223861,0.0663850887418,0.199105513645,-0.0233293198297,0.0872349369019,0.0547100931329
HAS,0.265294546596,0.312529219896,0.282145067783,0.225718693644,0.0643113323442,0.112624618554,0.261077049505,0.13238036042,0.17170202249,0.30005329774,0.203041150504,0.145337182128,0.120906652989,0.125972365264,0.0676028070643,0.175692889092,0.120715248135,0.159389580394,0.227819267994,1.0,0.199846838397,0.154453486528,0.398165799889,0.00013718320323,0.22910182221,0.272565020436,0.213966806021,0.205572770753,0.259647546147,0.313983571726,0.0836772860427,0.255322566173,0.291958233031,0.155730470096,0.216916620402,0.227166954431,0.215834447752,0.273891028314,0.329784920165,0.277054293455,0.132458167729,0.252386178185,0.130306075531,0.218029105355,0.201498247151,0.116433183507,0.328817206145,0.220495313391,0.13480642203,0.23210818403,0.159728058586,0.244274945609,0.231755701529,0.0137338872017,0.0432505331792,0.17016985928,0.323171190309,0.22084898369,0.168473800287,0.138889602016,0.273110685583,0.203705120236,0.223201809802,0.153154381022,0.248118578415,0.0727308886669,0.188710850526,0.17606572075,0.317771543039,0.0564769141428,0.232574635894,0.236633742268,0.201459072865,0.0310298734296,0.160138995144,0.293269240815,0.257257636975,0.104990438489,0.0582833766417,0.179561570297,0.207668589487,0.233920145449,0.0876575158702,0.149551928023,-0.0612922565429,0.163911576579,0.0411885918342,0.0633948708874,0.265335976451,0.253687486883,0.185789165726,0.135944705733,0.232502048413,0.163876067987,0.249707659563,0.0554276050635,0.357875956866,0.0162879374229,0.129096744276,0.0175207097075,0.148695272978,0.228312427653,0.145446891864,0.0603837723176,0.0888773392501,0.209835778931,0.193741506659,0.212063841733,0.558427566496,0.130244012439,0.306390045245,0.148915388056,0.101759540284,0.214250177494,0.0367227925173,0.0943751549068,-0.00207203535593,0.0296364790331,0.253764106264,0.0348160324328
LVLT,0.140058652519,0.141074732186,0.251748063752,0.126554187627,0.262247475004,0.190984717851,0.307264537164,0.0627778122152,0.224022432634,0.104117572513,0.0670515053287,0.199200438593,-0.0179546601913,0.1777481616,0.114865687889,0.336717492567,0.217319215074,0.169289678259,0.354348812072,0.199846838397,1.0,0.278295344087,0.299373158262,0.0672926128846,0.143801390035,0.177262944943,0.0272933359374,0.242893713632,0.0334187143839,0.199743545326,0.285994098748,0.137598807117,0.244049298982,0.206602215873,0.349127020392,0.15577088703,0.052533495051,0.184620056068,0.176271663316,0.200624485657,0.249475742253,0.212039367564,-0.0166500539927,0.228289566722,0.0850742291274,-0.0852421569173,0.00599680551536,0.306444796693,0.0460551097424,0.00739452692019,0.172680962028,0.166703180261,0.0859289672917,0.207887177293,0.181999505162,0.21046685606,0.236797730257,0.14053156811,0.24591609728,0.130767943601,0.229656259284,0.146603532002,0.142905860146,0.0877782550171,0.0830603319471,0.20037368076,-0.00312048022521,0.129964691022,0.310369344369,0.16205313518,0.0752676784594,0.156059204445,0.352706470863,0.242832900488,0.129159124328,0.0720220061123,0.152058002814,0.140001556626,0.133422999602,0.104981501206,0.158745069069,0.0390768370325,-0.0512634498597,0.139912015599,0.150781706622,0.196932139972,0.0533097746133,0.109129025514,0.208869830008,0.191148311384,0.0762703422641,0.195915909636,0.0285881950799,0.243187569658,0.213597773045,0.18592720983,0.186340244884,0.187565698957,0.130327079058,0.300819024847,0.230970887045,0.32862589292,0.21663939692,0.29624334085,-0.0170272949021,0.230410535855,0.0991819860217,0.114091185557,0.263130179436,0.20724573467,0.153829361123,0.254604198808,0.214221183147,0.149935895734,0.230984769484,0.0424149832228,0.193468955178,-0.0396326894428,0.211437007882,0.280684458782
